Country of Registration;CFR;UVI;Event;Event Start Date;Event End Date;Registration Number;External marking;Name of vessel;Place of registration;IRCS;IRCS indicator;Licence indicator;VMS indicator;ERS indicator;AIS indicator;MMSI;Vessel Type;Main fishing gear;Subsidiary fishing gear 1;Subsidiary fishing gear 2;Subsidiary fishing gear 3;Subsidiary fishing gear 4;Subsidiary fishing gear 5;LOA;LBP;Tonnage GT;Other tonnage;GTs;Power of main engine;Power of auxiliary engine;Hull material;Date of entry into service;Segment;Country of importation/exportation;Type of export;Public aid;Year of construction
BEL;BEL000021964;8523448;CEN;1989-01-01;1991-04-17;002;A.2;NANCY;ANTWE;OPAB;Y;N;N;Y;N;;FX;TBB;NO;;;;;21.39;18.66;53.00;50.72;0.00;213.00;0.00;2;1975-03-26;BIN;;;;1964-01-01
BEL;BEL000021964;8523448;MOD;1991-04-18;1991-12-31;002;A.2;NANCY;ANTWE;OPAB;Y;N;N;Y;N;;FX;TBB;NO;;;;;21.39;18.66;53.00;0.00;0.00;213.00;0.00;2;1975-03-26;BIN;;;;1964-01-01
BEL;BEL000021964;8523448;MOD;1992-01-01;1994-07-28;002;O.2;NANCY;OOSTE;OPAB;Y;Y;N;Y;N;;FX;TBB;NO;;;;;21.39;19.94;53.00;0.00;0.00;213.00;0.00;2;1975-03-26;E10;;;;1964-01-01
BEL;BEL000021964;8523448;MOD;1994-07-29;1996-12-31;002;O.2;NANCY;OOSTE;OPAB;Y;Y;N;Y;N;;FX;TBB;NO;;;;;21.39;19.94;53.00;0.00;0.00;213.00;0.00;2;1975-03-26;C10;;;;1964-01-01
BEL;BEL000021964;8523448;MOD;1997-01-01;2002-12-31;002;O.2;NANCY;OOSTE;OPAB;Y;Y;Y;Y;N;;FX;TBB;NO;;;;;21.39;19.94;53.00;0.00;0.00;213.00;0.00;2;1975-03-26;4A1;;;;1964-01-01
BEL;BEL000021964;8523448;MOD;2003-01-01;2006-02-01;002;O.2;NANCY;OOSTE;OPAB;Y;Y;Y;Y;N;;FX;TBB;NO;;;;;21.39;19.94;53.00;0.00;0.00;213.00;0.00;2;1975-03-26;MFL;;;;1964-01-01
BEL;BEL000021964;8523448;MOD;2006-02-02;2015-03-26;002;O.2;NANCY;OOSTE;OPAB;Y;Y;Y;Y;N;;FX;TBB;OTB;;;;;21.39;18.66;53.00;0.00;0.00;213.00;0.00;2;1975-03-26;MFL;;;;1964-01-01
BEL;BEL000021964;8523448;MOD;2015-03-27;2020-09-08;002;O.2;MIKE MICHEL JR;OOSTE;OPAB;Y;Y;Y;Y;N;;FX;TBB;OTB;;;;;21.39;18.66;53.00;0.00;0.00;213.00;0.00;2;1975-03-26;MFL;;;;1964-01-01
BEL;BEL000021964;8523448;MOD;2020-09-09;2020-09-09;002;O.2;MIKE MICHEL JR;OOSTE;OPAB;Y;Y;Y;Y;Y;205308000;FX;TBB;OTB;;;;;21.39;18.66;53.00;0.00;0.00;213.00;0.00;2;1975-03-26;MFL;;;;1964-01-01
BEL;BEL000021964;8523448;MOD;2020-09-10;2021-01-17;002;O.2;MIKE MICHEL JR;OOSTE;OPAB;Y;Y;Y;Y;Y;205308000;FX;TBB;OTB;;;;;21.39;18.66;53.00;0.00;0.00;213.00;0.00;2;1975-03-26;MFL;;;;1964-01-01
BEL;BEL000021964;8523448;MOD;2021-01-18;2100-12-31;002;O.2;MIKE MICHEL JR;BEOST;OPAB;Y;Y;Y;Y;Y;205308000;FX;TBB;OTB;;;;;21.39;18.66;53.00;0.00;0.00;213.00;0.00;2;1975-03-26;MFL;;;;1964-01-01
BEL;BEL000041982;;CEN;1989-01-01;1991-12-31;004;BOU 4;ASTRID;BOEKH;OPAD;Y;N;N;Y;N;;TU;TBB;NO;;;;;13.85;12.58;0.00;15.67;0.00;79.00;0.00;2;1982-09-06;EST;;;;1982-01-01
BEL;BEL000041982;;MOD;1992-01-01;1994-05-31;004;BOU 4;ASTRID;BOEKH;OPAD;Y;N;N;Y;N;;TU;TBB;NO;;;;;13.85;12.58;0.00;15.67;0.00;79.00;0.00;2;1982-09-06;E10;;;;1982-01-01
BEL;BEL000041982;;MOD;1994-06-01;1996-11-14;004;BOU 4;ASTRID;BOEKH;OPAD;Y;N;N;Y;N;;TU;TBB;NO;;;;;13.85;12.58;0.00;15.67;0.00;79.00;0.00;2;1982-09-06;C10;;;;1982-01-01
BEL;BEL000061930;;CEN;1989-01-01;1991-12-31;006;BOU 6;ANJA;BOEKH;OPAF;Y;N;N;Y;N;;FX;TBB;NO;;;;;16.62;13.56;0.00;29.79;0.00;103.00;0.00;2;1930-12-31;EST;;;;1930-01-01
BEL;BEL000061930;;MOD;1992-01-01;1994-05-31;006;BOU 6;ANJA;BOEKH;OPAF;Y;N;N;Y;N;;FX;TBB;NO;;;;;16.62;13.56;0.00;29.79;0.00;103.00;0.00;2;1930-12-31;E10;;;;1930-01-01
BEL;BEL000061930;;MOD;1994-06-01;1996-08-29;006;BOU 6;ANJA;BOEKH;OPAF;Y;N;N;Y;N;;FX;TBB;NO;;;;;16.62;13.56;0.00;29.79;0.00;103.00;0.00;2;1930-12-31;C10;;;;1930-01-01
BEL;BEL000071985;;CEN;1989-01-01;1991-12-31;007;BOU.7;DE ENIGE ZOON;BOEKH;OPAG;Y;Y;N;Y;N;;TU;TBB;NO;;;;;16.67;13.17;57.00;0.00;0.00;219.00;0.00;2;1986-06-06;EST;;;;1985-01-01
BEL;BEL000071985;;MOD;1992-01-01;1994-05-31;007;BOU.7;DE ENIGE ZOON;BOEKH;OPAG;Y;Y;N;Y;N;;TU;TBB;NO;;;;;16.67;13.17;57.00;0.00;0.00;219.00;0.00;2;1986-06-06;E10;;;;1985-01-01
BEL;BEL000071985;;MOD;1994-06-01;1996-12-31;007;BOU.7;DE ENIGE ZOON;BOEKH;OPAG;Y;Y;N;Y;N;;TU;TBB;NO;;;;;16.67;13.17;57.00;0.00;0.00;219.00;0.00;2;1986-06-06;C10;;;;1985-01-01
BEL;BEL000071985;;MOD;1997-01-01;2002-12-31;007;BOU.7;DE ENIGE ZOON;BOEKH;OPAG;Y;Y;Y;Y;N;;TU;TBB;NO;;;;;16.67;13.17;57.00;0.00;0.00;219.00;0.00;2;1986-06-06;4A1;;;;1985-01-01
BEL;BEL000071985;;MOD;2003-01-01;2006-02-28;007;BOU.7;DE ENIGE ZOON;BOEKH;OPAG;Y;Y;Y;Y;N;;TU;TBB;NO;;;;;16.67;13.17;57.00;0.00;0.00;219.00;0.00;2;1986-06-06;MFL;;;;1985-01-01
BEL;BEL000071985;;MOD;2006-03-01;2006-06-12;007;BOU.7;DE ENIGE ZOON;BOEKH;OPAG;Y;Y;Y;Y;N;;TU;TBB;NO;;;;;19.10;16.67;57.00;0.00;0.00;218.00;0.00;2;1986-06-06;MFL;;;;1985-01-01
BEL;BEL000071985;;MOD;2006-06-13;2018-04-23;007;BOU.7;DE ENIGE ZOON;BOEKH;OPAG;Y;Y;Y;Y;N;;TU;TBB;NO;;;;;19.10;16.67;57.00;0.00;0.00;219.00;0.00;2;1986-06-06;MFL;;;;1985-01-01
BEL;BEL000081967;8341096;CEN;1989-01-01;1989-03-30;008;K.8;YVONNE;KIELD;OPAH;Y;N;N;Y;N;;FX;TBB;NO;;;;;21.91;19.31;56.00;0.00;0.00;220.00;0.00;2;1967-07-01;EST;;;;1967-01-01
BEL;BEL000081967;8341096;MOD;1989-03-31;1991-12-31;008;K.8;AQUARIUS;KIELD;OPAH;Y;N;N;Y;N;;FX;TBB;NO;;;;;21.91;19.31;56.00;0.00;0.00;220.00;0.00;2;1967-07-01;EST;;;;1967-01-01
BEL;BEL000081967;8341096;MOD;1992-01-01;1993-02-04;008;Z.8;AQUARIUS;ZEEBR;OPAH;Y;Y;N;Y;N;;FX;TBB;NO;;;;;21.91;19.31;56.00;0.00;0.00;220.00;0.00;2;1967-07-01;E10;;;;1967-01-01
BEL;BEL000081967;8341096;MOD;1993-02-05;1994-11-03;008;K.8;AQUARIUS;KIELD;OPAH;Y;N;N;Y;N;;FX;TBB;NO;;;;;21.91;19.31;56.00;0.00;0.00;220.00;0.00;2;1967-07-01;C10;;;;1967-01-01
BEL;BEL000081967;8341096;MOD;1994-11-04;1996-12-31;008;Z.8;AQUARIUS;ZEEBR;OPAH;Y;Y;N;Y;N;;FX;TBB;NO;;;;;21.91;19.31;56.00;0.00;0.00;220.00;0.00;2;1967-07-01;C10;;;;1967-01-01
BEL;BEL000081967;8341096;MOD;1997-01-01;2002-12-31;008;Z.8;AQUARIUS;ZEEBR;OPAH;Y;Y;Y;Y;N;;FX;TBB;NO;;;;;21.91;19.31;56.00;0.00;0.00;220.00;0.00;2;1967-07-01;4A1;;;;1967-01-01
BEL;BEL000081967;8341096;MOD;2003-01-01;2006-02-05;008;Z.8;AQUARIUS;ZEEBR;OPAH;Y;Y;Y;Y;N;;FX;TBB;NO;;;;;21.91;19.31;56.00;0.00;0.00;220.00;0.00;2;1967-07-01;MFL;;;;1967-01-01
BEL;BEL000081967;8341096;MOD;2006-02-06;2017-11-06;008;Z.8;AQUARIUS;ZEEBR;OPAH;Y;Y;Y;Y;N;;FX;TBB;OTB;;;;;21.91;19.31;56.00;0.00;0.00;220.00;0.00;2;1967-07-01;MFL;;;;1967-01-01
BEL;BEL000081967;8341096;MOD;2017-11-07;2020-01-19;008;Z.8;AQUARIUS;ZEEBR;OPAH;Y;Y;Y;Y;N;;FX;TBB;OTB;;;;;21.91;19.31;56.00;0.00;0.00;220.00;0.00;2;1967-07-01;MFL;;;;1967-01-01
BEL;BEL000081967;8341096;MOD;2020-01-20;2020-09-08;008;Z.8;AQUARIUS;ZEEBR;OPAH;Y;Y;Y;Y;N;;FX;TBB;OTB;;;;;21.91;19.31;56.00;0.00;0.00;220.00;0.00;2;1967-07-01;MFL;;;;1967-01-01
BEL;BEL000081967;8341096;MOD;2020-09-09;2021-01-12;008;Z.8;AQUARIUS;ZEEBR;OPAH;Y;Y;Y;Y;Y;205264000;FX;TBB;OTB;;;;;21.91;19.31;58.00;0.00;0.00;220.00;0.00;2;1967-07-01;MFL;;;;1967-01-01
BEL;BEL000081967;8341096;MOD;2021-01-13;2100-12-31;008;Z.8;AQUARIUS;BEZEE;OPAH;Y;Y;Y;Y;Y;205264000;FX;TBB;OTB;;;;;21.91;19.31;58.00;0.00;0.00;220.00;0.00;2;1967-07-01;MFL;;;;1967-01-01
BEL;BEL000091953;;CEN;1989-01-01;1991-01-10;009;A.9;STERN;ANTWE;OPAI;Y;N;N;Y;N;;FX;TBB;NO;;;;;26.14;23.10;91.95;0.00;0.00;221.00;0.00;2;1983-02-22;BIN;;;;1953-01-01
BEL;BEL000091953;;MOD;1991-01-11;1991-02-18;009;A.9;STERN;ANTWE;OPAI;Y;N;N;Y;N;;FX;TBB;NO;;;;;26.32;23.12;91.95;0.00;0.00;221.00;0.00;2;1983-02-22;BIN;;;;1953-01-01
BEL;BEL000091953;;MOD;1991-02-19;1991-12-31;009;A.9;STERN;ANTWE;OPAI;Y;N;N;Y;N;;FX;TBB;NO;;;;;26.32;23.12;97.00;0.00;0.00;221.00;0.00;2;1983-02-22;BIN;;;;1953-01-01
BEL;BEL000091953;;MOD;1992-01-01;1994-12-29;009;O.9;STERN;OOSTE;OPAI;Y;N;N;Y;N;;FX;TBB;NO;;;;;26.32;23.12;97.00;0.00;0.00;221.00;0.00;2;1983-02-22;E10;;;;1953-01-01
BEL;BEL000091953;;MOD;1994-12-30;1995-01-29;009;O.9;STERN;OOSTE;OPAI;Y;N;N;Y;N;;FX;TBB;NO;;;;;26.32;23.12;97.00;0.00;0.00;221.00;0.00;2;1983-02-22;C10;;;;1953-01-01
BEL;BEL000131928;;CEN;1989-01-01;1989-01-29;013;K.13;VIJF GEBROEDERS;KIELD;OPAM;Y;N;N;Y;N;;FX;TBB;NO;;;;;16.26;13.57;0.00;19.05;0.00;154.00;0.00;2;1928-07-01;BIN;;;;1928-01-01
BEL;BEL000131989;8564404;CST;1989-02-15;1991-12-31;013;K.13;MORGENSTER;KIELD;OPAM;Y;N;N;Y;N;;FX;TBB;NO;;;;;23.94;21.14;94.00;0.00;0.00;218.00;0.00;2;1989-02-15;BIN;;;;1989-01-01
BEL;BEL000131989;8564404;MOD;1992-01-01;1994-08-18;013;Z.13;MORGENSTER;ZEEBR;OPAM;Y;Y;N;Y;N;;FX;TBB;NO;;;;;23.94;21.14;94.00;0.00;0.00;218.00;0.00;2;1989-02-15;E10;;;;1989-01-01
BEL;BEL000131989;8564404;MOD;1994-08-19;1996-12-31;013;Z.13;MORGENSTER;ZEEBR;OPAM;Y;Y;N;Y;N;;FX;TBB;NO;;;;;23.94;21.14;94.00;0.00;0.00;218.00;0.00;2;1989-02-15;C10;;;;1989-01-01
BEL;BEL000131989;8564404;MOD;1997-01-01;2002-12-31;013;Z.13;MORGENSTER;ZEEBR;OPAM;Y;Y;Y;Y;N;;FX;TBB;NO;;;;;23.94;21.14;94.00;0.00;0.00;218.00;0.00;2;1989-02-15;4A1;;;;1989-01-01
BEL;BEL000131989;8564404;MOD;2003-01-01;2006-02-02;013;Z.13;MORGENSTER;ZEEBR;OPAM;Y;Y;Y;Y;N;;FX;TBB;NO;;;;;23.94;21.14;94.00;0.00;0.00;218.00;0.00;2;1989-02-15;MFL;;;;1989-01-01
BEL;BEL000131989;8564404;MOD;2006-02-03;2011-07-18;013;Z.13;MORGENSTER;ZEEBR;OPAM;Y;Y;Y;Y;N;;FX;TBB;OTB;;;;;23.94;21.14;94.00;0.00;0.00;218.00;0.00;2;1989-02-15;MFL;;;;1989-01-01
BEL;BEL000131989;8564404;MOD;2011-07-19;2017-01-18;013;O.13;MORGENSTER;OOSTE;OPAM;Y;Y;Y;Y;N;;FX;TBB;OTB;;;;;23.94;21.14;94.00;0.00;0.00;218.00;0.00;2;1989-02-15;MFL;;;;1989-01-01
BEL;BEL000131989;8564404;MOD;2017-01-19;2021-01-04;013;O.13;MORGENSTER;OOSTE;OPAM;Y;Y;Y;Y;N;;FX;TBB;OTB;;;;;23.94;21.14;94.00;0.00;0.00;218.00;0.00;2;1989-02-15;MFL;;;;1989-01-01
BEL;BEL000131989;8564404;MOD;2021-01-05;2021-01-17;013;O.13;MORGENSTER;BEOST;OPAM;Y;Y;Y;Y;Y;205017000;FX;TBB;OTB;;;;;23.94;21.14;94.00;0.00;0.00;218.00;0.00;2;1989-02-15;MFL;;;;1989-01-01
BEL;BEL000131989;8564404;MOD;2021-01-18;2100-12-31;013;O.13;MORGENSTER;BEOST;OPAM;Y;Y;Y;Y;Y;205017000;FX;TBB;OTB;;;;;23.94;21.14;94.00;0.00;0.00;218.00;0.00;2;1989-02-15;MFL;;;;1989-01-01
BEL;BEL000241964;8564480;CEN;1989-01-01;1991-12-31;024;BOU.24;BEATRIX;BOEKH;OPAX;Y;Y;N;Y;N;;FX;TBB;NO;;;;;19.04;17.67;44.00;41.38;0.00;202.00;0.00;2;1964-07-01;EST;;;;1964-01-01
BEL;BEL000241964;8564480;MOD;1992-01-01;1996-12-31;024;BOU.24;BEATRIX;BOEKH;OPAX;Y;Y;N;Y;N;;FX;TBB;NO;;;;;19.04;17.67;44.00;41.38;0.00;202.00;0.00;2;1964-07-01;E10;;;;1964-01-01
BEL;BEL000241964;8564480;MOD;1997-01-01;1998-08-02;024;BOU.24;BEATRIX;BOEKH;OPAX;Y;Y;Y;Y;N;;FX;TBB;NO;;;;;19.04;17.67;44.00;41.38;0.00;202.00;0.00;2;1964-07-01;4A1;;;;1964-01-01
BEL;BEL000241964;8564480;MOD;1998-08-03;2002-12-31;024;BOU.24;BEATRIX;BOEKH;OPAX;Y;Y;Y;Y;N;;FX;TBB;NO;;;;;19.04;17.67;44.00;0.00;0.00;202.00;0.00;2;1964-07-01;4A1;;;;1964-01-01
BEL;BEL000241964;8564480;MOD;2003-01-01;2006-02-16;024;BOU.24;BEATRIX;BOEKH;OPAX;Y;Y;Y;Y;N;;FX;TBB;NO;;;;;19.04;17.67;44.00;0.00;0.00;202.00;0.00;2;1964-07-01;MFL;;;;1964-01-01
BEL;BEL000241964;8564480;MOD;2006-02-17;2018-06-25;024;BOU.24;BEATRIX;BOEKH;OPAX;Y;Y;Y;Y;N;;FX;TBB;OTB;;;;;19.04;16.64;44.00;0.00;0.00;202.00;0.00;2;1964-07-01;MFL;;;;1964-01-01
BEL;BEL000241964;8564480;MOD;2018-06-26;2020-09-08;024;BOU.24;ZEEVONK;BOEKH;OPAX;Y;Y;Y;Y;N;;FX;TBB;OTB;;;;;19.04;16.64;44.00;0.00;0.00;202.00;0.00;2;1964-07-01;MFL;;;;1964-01-01
BEL;BEL000241964;8564480;MOD;2020-09-09;2021-01-04;024;BOU.24;ZEEVONK;BOEKH;OPAX;Y;Y;Y;Y;Y;205632000;FX;TBB;OTB;;;;;19.04;16.64;44.00;0.00;0.00;202.00;0.00;2;1964-07-01;MFL;;;;1964-01-01
BEL;BEL000241964;8564480;MOD;2021-01-05;2021-01-11;024;BOU.24;ZEEVONK;BEBHE;OPAX;Y;Y;Y;Y;Y;205632000;FX;TBB;OTB;;;;;19.04;16.64;44.00;0.00;0.00;202.00;0.00;2;1964-07-01;MFL;;;;1964-01-01
BEL;BEL000241964;8564480;MOD;2021-01-12;2021-01-13;024;BOU.24;ZEEVONK;BEBHE;OPAX;Y;Y;Y;Y;Y;205632000;FX;TBB;OTB;;;;;19.04;16.64;44.00;0.00;0.00;202.00;0.00;2;1964-07-01;MFL;;;;1964-01-01
BEL;BEL000241964;8564480;MOD;2021-01-14;2100-12-31;024;BOU.24;ZEEVONK;BEBHE;OPAX;Y;Y;Y;Y;Y;205632000;FX;TBB;OTB;;;;;19.04;16.64;44.00;0.00;0.00;202.00;0.00;2;1964-07-01;MFL;;;;1964-01-01
BEL;BEL000281932;;CEN;1989-01-01;1991-12-31;028;BOU 28;ANNIE;BOEKH;OPBB;Y;N;N;Y;N;;FX;TBB;NO;;;;;16.19;13.39;0.00;28.67;0.00;88.00;0.00;2;1932-09-26;BIN;;;;1932-01-01
BEL;BEL000281932;;MOD;1992-01-01;1993-11-08;028;Z.28;ANN;ZEEBR;OPBB;Y;Y;N;Y;N;;FX;TBB;NO;;;;;16.19;13.39;0.00;28.67;0.00;88.00;0.00;2;1932-09-26;E10;;;;1932-01-01
BEL;BEL000281932;;MOD;1993-11-09;1994-01-11;028;BOU 28;ANNIE;BOEKH;OPBB;Y;N;N;Y;N;;FX;TBB;NO;;;;;16.19;13.39;0.00;28.67;0.00;88.00;0.00;2;1932-09-26;C10;;;;1932-01-01
BEL;BEL000281932;;MOD;1994-01-12;1996-01-16;028;Z.28;ANN;ZEEBR;OPBB;Y;Y;N;Y;N;;FX;TBB;NO;;;;;16.19;13.39;0.00;28.67;0.00;88.00;0.00;2;1932-09-26;C10;;;;1932-01-01
BEL;BEL001191970;8432601;IMP;1989-06-08;1991-12-31;119;BOU.119;JOZINA;BOEKH;OPEO;Y;N;N;Y;N;;MO;TBB;NO;;;;;19.54;16.92;65.00;0.00;0.00;221.00;0.00;2;1970-07-01;BIN;NLD;;;1970-01-01
BEL;BEL001191970;8432601;MOD;1992-01-01;1992-06-29;119;BOU.119;JOZINA;BOEKH;OPEO;Y;N;N;Y;N;;MO;TBB;NO;;;;;19.54;16.92;55.00;0.00;0.00;221.00;0.00;2;1970-07-01;C10;;;;1970-01-01
BEL;BEL001391987;;CHA;1992-01-01;1994-05-31;139;BOU.139;BOLLEKE;BOEKH;OPFI;Y;N;N;Y;N;;FX;TBB;NO;;;;;11.13;9.80;13.00;0.00;0.00;114.00;0.00;2;1987-07-01;C10;;;;1987-01-01
BEL;BEL002011991;;CST;1991-04-19;1991-12-31;201;BOU 201;ADRIANA-MARIA;BOEKH;OPHS;Y;N;N;Y;N;;FX;TBB;NO;;;;;23.90;20.86;156.00;0.00;0.00;220.00;0.00;2;1991-04-19;ZEE;;;;1991-01-01
BEL;BEL002011991;;MOD;1992-01-01;1994-08-16;201;Z.201;ADRIANA-MARIA;ZEEBR;OPHS;Y;Y;N;Y;N;;FX;TBB;NO;;;;;23.90;20.86;156.00;0.00;0.00;220.00;0.00;2;1991-04-19;C10;;;;1991-01-01
BEL;BEL003191989;8816120;CST;1989-12-12;1991-12-31;319;BOU 319;ZELDENRUST;BOEKH;OPMG;Y;N;N;Y;N;;TU;TBB;NO;;;;;40.25;35.86;469.00;0.00;0.00;882.00;0.00;2;1989-12-12;ZEE;;;;1989-01-01
BEL;BEL003191989;8816120;MOD;1992-01-01;1995-09-20;319;O.319;ZELDENRUST;OOSTE;OPMG;Y;N;N;Y;N;;TU;TBB;NO;;;;;40.25;35.86;469.00;0.00;0.00;882.00;0.00;2;1989-12-12;E10;;;;1989-01-01
BEL;BEL003191989;8816120;MOD;1995-09-21;1996-12-31;319;Z.319;AVONTUUR;ZEEBR;OPMG;Y;Y;N;Y;N;;TU;TBB;NO;;;;;40.25;35.86;469.00;0.00;0.00;882.00;0.00;2;1989-12-12;E10;;;;1989-01-01
BEL;BEL003191989;8816120;MOD;1997-01-01;2002-12-31;319;Z.319;AVONTUUR;ZEEBR;OPMG;Y;Y;Y;Y;N;;TU;TBB;NO;;;;;40.25;35.86;469.00;0.00;0.00;882.00;0.00;2;1989-12-12;4A1;;;;1989-01-01
BEL;BEL003191989;8816120;MOD;2003-01-01;2004-07-21;319;Z.319;AVONTUUR;ZEEBR;OPMG;Y;Y;Y;Y;N;;TU;TBB;NO;;;;;40.25;35.86;469.00;0.00;0.00;882.00;0.00;2;1989-12-12;MFL;;;;1989-01-01
BEL;BEL010201971;;CEN;1989-01-01;1991-12-31;020;O.20;GOEWIND;OOSTE;OPAT;Y;Y;N;Y;N;;FX;TBB;NO;;;;;14.31;12.28;29.00;25.80;0.00;110.00;0.00;2;1971-08-17;ZEE;;;;1971-01-01
BEL;BEL010201971;;MOD;1992-01-01;1996-12-31;020;O.20;GOEWIND;OOSTE;OPAT;Y;Y;N;Y;N;;FX;TBB;NO;;;;;14.31;12.28;29.00;25.80;0.00;110.00;0.00;2;1971-08-17;E10;;;;1971-01-01
BEL;BEL010201971;;MOD;1997-01-01;1999-03-24;020;O.20;GOEWIND;OOSTE;OPAT;Y;Y;N;Y;N;;FX;TBB;NO;;;;;14.31;12.28;29.00;25.80;0.00;110.00;0.00;2;1971-08-17;4A1;;;;1971-01-01
BEL;BEL010231930;;CEN;1989-01-01;1991-12-31;023;O.23;GEOFFREY WILLIAM;OOSTE;OPAW;Y;N;N;Y;N;;FX;TBB;NO;;;;;20.14;18.25;41.00;34.50;0.00;221.00;0.00;2;1971-09-02;ZEE;;;;1930-01-01
BEL;BEL010231930;;MOD;1992-01-01;1996-12-31;023;O.23;GEOFFREY WILLIAM;OOSTE;OPAW;Y;N;N;Y;N;;FX;TBB;NO;;;;;20.14;18.25;41.00;34.50;0.00;221.00;0.00;2;1971-09-02;E10;;;;1930-01-01
BEL;BEL010231930;;MOD;1997-01-01;1998-08-02;023;O.23;GEOFFREY WILLIAM;OOSTE;OPAW;Y;N;Y;Y;N;;FX;TBB;NO;;;;;20.14;18.25;41.00;34.50;0.00;221.00;0.00;2;1971-09-02;4A1;;;;1930-01-01
BEL;BEL010231930;;MOD;1998-08-03;2000-02-10;023;O.23;GEOFFREY WILLIAM;OOSTE;OPAW;Y;N;Y;Y;N;;FX;TBB;NO;;;;;20.14;18.25;41.00;0.00;0.00;221.00;0.00;2;1971-09-02;4A1;;;;1930-01-01
BEL;BEL010231930;;MOD;2000-02-11;2002-12-31;720;O.720;GEOFFREY WILLIAM;OOSTE;OQCT;Y;N;Y;Y;N;;FX;TBB;OTB;;;;;20.14;17.37;41.00;0.00;0.00;219.00;0.00;2;1971-09-02;4A1;;;;1930-01-01
BEL;BEL010231930;;MOD;2003-01-01;2003-03-12;720;O.720;GEOFFREY WILLIAM;OOSTE;OQCT;Y;N;N;Y;N;;FX;TBB;OTB;;;;;20.14;17.37;41.00;0.00;0.00;219.00;0.00;2;1971-09-02;MFL;;;;1930-01-01
BEL;BEL010291967;8745424;CEN;1989-01-01;1991-12-31;029;O.29;BROODWINNER;OOSTE;OPBC;Y;Y;N;Y;N;;FX;TBB;OTB;;;;;27.20;16.50;100.00;99.03;0.00;221.00;0.00;2;1967-10-10;OND;;;;1967-01-01
BEL;BEL010291967;8745424;MOD;1992-01-01;1996-12-31;029;O.29;BROODWINNER;OOSTE;OPBC;Y;Y;N;Y;N;;FX;TBB;OTB;;;;;27.20;16.50;100.00;99.03;0.00;221.00;0.00;2;1967-10-10;E10;;;;1967-01-01
BEL;BEL010291967;8745424;MOD;1997-01-01;1998-08-02;029;O.29;BROODWINNER;OOSTE;OPBC;Y;Y;Y;Y;N;;FX;TBB;OTB;;;;;27.20;16.50;100.00;99.03;0.00;221.00;0.00;2;1967-10-10;4A1;;;;1967-01-01
BEL;BEL010291967;8745424;MOD;1998-08-03;2002-12-31;029;O.29;BROODWINNER;OOSTE;OPBC;Y;Y;Y;Y;N;;FX;TBB;OTB;;;;;27.20;16.50;100.00;0.00;0.00;221.00;0.00;2;1967-10-10;4A1;;;;1967-01-01
BEL;BEL010291967;8745424;MOD;2003-01-01;2006-02-26;029;O.29;BROODWINNER;OOSTE;OPBC;Y;Y;Y;Y;N;;FX;TBB;OTB;;;;;27.20;16.50;100.00;0.00;0.00;221.00;0.00;2;1967-10-10;MFL;;;;1967-01-01
BEL;BEL010291967;8745424;MOD;2006-02-27;2007-06-28;029;O.29;BROODWINNER;OOSTE;OPBC;Y;Y;Y;Y;N;;FX;TBB;OTB;;;;;27.20;23.58;100.00;0.00;0.00;221.00;0.00;2;1967-10-10;MFL;;;;1967-01-01
BEL;BEL010291967;8745424;MOD;2007-06-29;2018-03-20;029;O.29;BROODWINNER;OOSTE;OPBC;Y;Y;Y;Y;N;;FX;TBB;OTB;;;;;27.20;23.58;100.00;0.00;0.00;221.00;0.00;2;1967-10-10;MFL;;;;1967-01-01
BEL;BEL010291967;8745424;MOD;2018-03-21;2021-01-04;029;O.29;BROODWINNER;OOSTE;OPBC;Y;Y;Y;Y;N;;FX;TBB;OTB;;;;;27.20;23.58;109.00;0.00;0.00;221.00;0.00;2;1967-10-10;MFL;;;;1967-01-01
BEL;BEL010291967;8745424;MOD;2021-01-05;2021-01-17;029;O.29;BROODWINNER;BEOST;OPBC;Y;Y;Y;Y;Y;205150000;FX;TBB;OTB;;;;;27.20;23.58;109.00;0.00;0.00;221.00;0.00;2;1967-10-10;MFL;;;;1967-01-01
BEL;BEL010291967;8745424;MOD;2021-01-18;2021-02-02;029;O.29;BROODWINNER;BEOST;OPBC;Y;Y;Y;Y;Y;205150000;FX;TBB;OTB;;;;;27.20;23.58;109.00;0.00;0.00;221.00;0.00;2;1967-10-10;MFL;;;;1967-01-01
BEL;BEL010291967;8745424;MOD;2021-02-03;2100-12-31;029;O.29;BROODWINNER;BEOST;OPBC;Y;Y;Y;Y;Y;205150000;FX;TBB;OTB;;;;;27.20;23.58;109.00;0.00;0.00;221.00;0.00;2;1967-10-10;MFL;;;;1967-01-01
BEL;BEL010321935;;CEN;1989-01-01;1989-05-23;032;O.32;ROLAND;OOSTE;OPBF;Y;N;N;Y;N;;FX;TBB;NO;;;;;13.50;12.39;0.00;18.44;0.00;55.00;0.00;1;1935-05-08;ZEE;;;;1935-01-01
BEL;BEL010321935;;MOD;1989-05-24;1989-10-13;032;O.32;VICKY;OOSTE;OPBF;Y;N;N;Y;N;;FX;TBB;NO;;;;;13.50;12.39;0.00;18.44;0.00;55.00;0.00;1;1935-05-08;ZEE;;;;1935-01-01
BEL;BEL010321935;;MOD;1989-10-14;1990-02-11;032;O.32;VICKY;OOSTE;OPBF;Y;N;N;Y;N;;FX;TBB;NO;;;;;13.50;12.39;0.00;18.44;0.00;99.00;0.00;1;1935-05-08;ZEE;;;;1935-01-01
BEL;BEL010321935;;MOD;1990-02-12;1991-04-08;032;O.32;JESSICA;OOSTE;OPBF;Y;N;N;Y;N;;FX;TBB;NO;;;;;13.50;12.39;0.00;18.44;0.00;99.00;0.00;1;1935-05-08;ZEE;;;;1935-01-01
BEL;BEL010322007;;CST;2007-08-20;2010-04-13;032;O.32;PETRUS PICTOR;OOSTE;OPBF;Y;Y;Y;Y;N;;MO;GNS;OTB;;;;;11.78;11.75;21.00;0.00;0.00;221.00;0.00;3;2007-08-20;MFL;;;;2007-01-01
BEL;BEL010322007;;MOD;2010-04-14;2010-09-09;032;N.32;JOLLY JUMPER;NIEUW;OPBF;Y;Y;Y;Y;N;;MO;GNS;OTB;;;;;11.78;11.77;21.00;0.00;0.00;221.00;0.00;3;2007-08-20;MFL;;;;2007-01-01
BEL;BEL010322007;;MOD;2010-09-10;2013-07-14;032;N.32;JOLLY JUMPER;NIEUW;OPBF;Y;Y;Y;Y;N;;MO;GNS;OTB;;;;;11.78;11.77;21.00;0.00;0.00;221.00;0.00;3;2007-08-20;MFL;;;;2007-01-01
BEL;BEL010322007;;MOD;2013-07-15;2015-07-13;032;N.32;JOLLY JUMPER;NIEUW;OPBF;Y;Y;Y;Y;N;;MO;OTB;NO;;;;;11.78;11.77;21.00;0.00;0.00;221.00;0.00;3;2007-08-20;MFL;;;;2007-01-01
BEL;BEL010331976;7936791;CEN;1989-01-01;1989-09-11;033;O.33;MARBI;OOSTE;OPBG;Y;Y;N;Y;N;;FX;TBB;NO;;;;;34.80;30.78;247.00;226.22;0.00;882.00;0.00;2;1976-04-09;ZEE;;;;1976-01-01
BEL;BEL010331976;7936791;MOD;1989-09-12;1990-12-02;033;O.33;MARBI;OOSTE;OPBG;Y;Y;N;Y;N;;FX;TBB;NO;;;;;34.80;30.78;247.00;226.22;0.00;882.00;0.00;2;1976-04-09;ZEE;;;;1976-01-01
BEL;BEL010331976;7936791;MOD;1990-12-03;1991-12-31;033;O.33;MARBI;OOSTE;OPBG;Y;Y;N;Y;N;;FX;TBB;NO;;;;;34.80;30.78;247.00;0.00;0.00;882.00;0.00;2;1976-04-09;ZEE;;;;1976-01-01
BEL;BEL010331976;7936791;MOD;1992-01-01;1996-12-31;033;O.33;MARBI;OOSTE;OPBG;Y;Y;Y;Y;N;;FX;TBB;NO;;;;;34.80;30.78;247.00;0.00;0.00;882.00;0.00;2;1976-04-09;E10;;;;1976-01-01
BEL;BEL010331976;7936791;MOD;1997-01-01;1999-07-18;033;O.33;MARBI;OOSTE;OPBG;Y;Y;Y;Y;N;;FX;TBB;NO;;;;;34.80;30.78;247.00;0.00;0.00;882.00;0.00;2;1976-04-09;4A1;;;;1976-01-01
BEL;BEL010331976;7936791;MOD;1999-07-19;2002-12-31;033;O.33;MARBI;OOSTE;OPBG;Y;Y;Y;Y;N;;FX;TBB;NO;;;;;34.80;31.03;254.00;0.00;0.00;882.00;0.00;2;1976-04-09;4A1;;;;1976-01-01
BEL;BEL010331976;7936791;MOD;2003-01-01;2010-07-26;033;O.33;MARBI;OOSTE;OPBG;Y;Y;Y;Y;N;;FX;TBB;NO;;;;;34.80;31.03;254.00;0.00;0.00;882.00;0.00;2;1976-04-09;MFL;;;;1976-01-01
BEL;BEL010331976;7936791;MOD;2010-07-27;2011-10-25;033;O.33;MARBI;OOSTE;OPBG;Y;Y;Y;Y;N;;FX;TBB;NO;;;;;34.80;31.03;254.00;0.00;0.00;705.00;0.00;2;1976-04-09;MFL;;;;1976-01-01
BEL;BEL010331976;7936791;MOD;2011-10-26;2015-09-07;033;O.33;MARBI;OOSTE;OPBG;Y;Y;Y;Y;N;;FX;TBB;OTB;;;;;34.80;31.03;254.00;0.00;0.00;1200.00;0.00;2;1976-04-09;MFL;;;;1976-01-01
BEL;BEL010331976;7936791;MOD;2015-09-08;2020-09-08;033;O.33;MARBI;OOSTE;OPBG;Y;Y;Y;Y;N;;FX;TBB;OTB;;;;;34.80;31.03;254.00;0.00;0.00;1200.00;0.00;2;1976-04-09;MFL;;;;1976-01-01
BEL;BEL010331976;7936791;MOD;2020-09-09;2021-01-11;033;O.33;MARBI;OOSTE;OPBG;Y;Y;Y;Y;Y;205275000;FX;TBB;OTB;;;;;34.80;31.03;254.00;0.00;0.00;1200.00;0.00;2;1976-04-09;MFL;;;;1976-01-01
BEL;BEL010331976;7936791;MOD;2021-01-12;2100-12-31;033;O.33;MARBI;BEOST;OPBG;Y;Y;Y;Y;Y;205275000;FX;TBB;OTB;;;;;34.80;31.03;254.00;0.00;0.00;1200.00;0.00;2;1976-04-09;MFL;;;;1976-01-01
BEL;BEL010351961;;CEN;1989-01-01;1990-10-15;035;O.35;TORBAY;OOSTE;OPBI;Y;N;N;Y;N;;FX;OTB;NO;;;;;27.20;23.30;99.00;82.96;0.00;337.00;0.00;2;1962-04-18;ZEE;;;;1961-01-01
BEL;BEL010351961;;MOD;1990-10-16;1991-12-31;035;Z.35;VILI;ZEEBR;OPBI;Y;Y;N;Y;N;;FX;TBB;NO;;;;;27.20;23.30;99.00;0.00;0.00;382.00;0.00;2;1962-04-18;ZEE;;;;1961-01-01
BEL;BEL010351961;;MOD;1992-01-01;1996-12-30;035;Z.35;VILI;ZEEBR;OPBI;Y;Y;N;Y;N;;FX;TBB;NO;;;;;27.20;23.30;99.00;0.00;0.00;382.00;0.00;2;1962-04-18;E10;;;;1961-01-01
BEL;BEL010511983;8308642;CEN;1989-01-01;1990-08-16;051;O.51;STORMVOGEL;OOSTE;OPBY;Y;Y;N;Y;N;;FX;TBB;NO;;;;;30.58;26.50;217.00;197.56;0.00;662.00;0.00;2;1983-03-31;ZEE;;;;1983-01-01
BEL;BEL010511983;8308642;MOD;1990-08-17;1991-12-31;051;O.51;STORMVOGEL;OOSTE;OPBY;Y;Y;N;Y;N;;FX;TBB;NO;;;;;30.58;26.50;217.00;0.00;0.00;662.00;0.00;2;1983-03-31;ZEE;;;;1983-01-01
BEL;BEL010511983;8308642;MOD;1992-01-01;1996-12-31;051;O.51;STORMVOGEL;OOSTE;OPBY;Y;Y;N;Y;N;;FX;TBB;NO;;;;;30.58;27.16;217.00;0.00;0.00;883.00;0.00;2;1983-03-31;E10;;;;1983-01-01
BEL;BEL010511983;8308642;MOD;1997-01-01;2000-02-20;051;O.51;STORMVOGEL;OOSTE;OPBY;Y;Y;Y;Y;N;;FX;TBB;NO;;;;;30.58;27.16;217.00;0.00;0.00;883.00;0.00;2;1983-03-31;4A1;;;;1983-01-01
BEL;BEL010511983;8308642;MOD;2000-02-21;2002-12-31;051;O.51;STORMVOGEL;OOSTE;OPBY;Y;Y;Y;Y;N;;FX;TBB;NO;;;;;30.58;27.16;217.00;0.00;0.00;883.00;0.00;2;1983-03-31;4A1;;;;1983-01-01
BEL;BEL010511983;8308642;MOD;2003-01-01;2004-08-30;051;O.51;STORMVOGEL;OOSTE;OPBY;Y;Y;Y;Y;N;;FX;TBB;NO;;;;;30.58;27.16;217.00;0.00;0.00;883.00;0.00;2;1983-03-31;MFL;;;;1983-01-01
BEL;BEL010511983;8308642;MOD;2004-08-31;2007-10-28;051;O.51;STORMVOGEL;OOSTE;OPBY;Y;Y;Y;Y;N;;FX;TBB;OTB;;;;;30.58;27.16;217.00;0.00;0.00;883.00;0.00;2;1983-03-31;MFL;;;;1983-01-01
BEL;BEL010511983;8308642;MOD;2007-10-29;2013-04-25;051;O.51;STORMVOGEL;OOSTE;OPBY;Y;Y;Y;Y;N;;FX;TBB;OTB;;;;;30.58;27.16;217.00;0.00;0.00;903.00;0.00;2;1983-03-31;MFL;;;;1983-01-01
BEL;BEL010511983;8308642;MOD;2013-04-26;2016-07-12;051;O.51;STORMVOGEL;OOSTE;OPBY;Y;Y;Y;Y;N;;FX;TBB;OTB;;;;;30.58;27.16;217.00;0.00;0.00;722.00;0.00;2;1983-03-31;MFL;;;;1983-01-01
BEL;BEL010511983;8308642;MOD;2016-07-13;2018-06-13;051;O.51;STORMVOGEL;OOSTE;OPBY;Y;Y;Y;Y;N;;FX;TBB;OTB;;;;;30.58;27.16;217.00;0.00;0.00;722.00;0.00;2;1983-03-31;MFL;;;;1983-01-01
BEL;BEL010511983;8308642;MOD;2018-06-14;2020-06-30;051;O.51;STORMVOGEL;OOSTE;OPBY;Y;Y;Y;Y;N;;FX;TBB;OTB;;;;;30.58;27.16;217.00;0.00;0.00;722.00;0.00;2;1983-03-31;MFL;;;;1983-01-01
BEL;BEL010511983;8308642;MOD;2020-07-01;2020-09-08;051;O.51;STORMVOGEL;OOSTE;OPBY;Y;Y;Y;Y;N;;FX;TBB;OTB;;;;;33.00;27.16;254.00;0.00;0.00;898.00;0.00;2;1983-03-31;MFL;;;;1983-01-01
BEL;BEL010511983;8308642;MOD;2020-09-09;2021-01-10;051;O.51;STORMVOGEL;OOSTE;OPBY;Y;Y;Y;Y;Y;205277000;FX;TBB;OTB;;;;;33.00;27.16;254.00;0.00;0.00;898.00;0.00;2;1983-03-31;MFL;;;;1983-01-01
BEL;BEL010511983;8308642;MOD;2021-01-11;2100-12-31;051;O.51;STORMVOGEL;BEOST;OPBY;Y;Y;Y;Y;Y;205277000;FX;TBB;OTB;;;;;33.00;27.16;254.00;0.00;0.00;898.00;0.00;2;1983-03-31;MFL;;;;1983-01-01
BEL;BEL010621963;8559722;CEN;1989-01-01;1991-12-31;062;O.62;SEABIRD II;OOSTE;OPCJ;Y;Y;N;Y;N;;FX;TBB;NO;;;;;19.11;16.40;37.00;0.00;0.00;206.00;0.00;2;1963-07-01;ZEE;;;;1963-01-01
BEL;BEL010621963;8559722;MOD;1992-01-01;1992-03-29;062;O.62;DINI;OOSTE;OPCJ;Y;Y;N;Y;N;;FX;TBB;NO;;;;;21.97;19.32;44.00;0.00;0.00;221.00;0.00;2;1963-07-01;E10;;;;1963-01-01
BEL;BEL010621963;8559722;MOD;1992-03-30;1996-12-31;062;O.62;DINI;OOSTE;OPCJ;Y;Y;N;Y;N;;FX;TBB;NO;;;;;21.97;19.32;44.00;0.00;0.00;221.00;0.00;2;1963-07-01;C10;;;;1963-01-01
BEL;BEL010621963;8559722;MOD;1997-01-01;2002-12-31;062;O.62;DINI;OOSTE;OPCJ;Y;Y;Y;Y;N;;FX;TBB;PTB;;;;;21.97;19.32;44.00;0.00;0.00;221.00;0.00;2;1963-07-01;4A1;;;;1963-01-01
BEL;BEL010621963;8559722;MOD;2003-01-01;2006-02-21;062;O.62;DINI;OOSTE;OPCJ;Y;Y;Y;Y;N;;FX;TBB;PTB;;;;;21.97;19.32;44.00;0.00;0.00;221.00;0.00;2;1963-07-01;MFL;;;;1963-01-01
BEL;BEL010621963;8559722;MOD;2006-02-22;2008-11-26;062;O.62;DINI;OOSTE;OPCJ;Y;Y;Y;Y;N;;FX;TBB;OTB;;;;;21.97;19.32;44.00;0.00;0.00;221.00;0.00;2;1963-07-01;MFL;;;;1963-01-01
BEL;BEL010621963;8559722;MOD;2008-11-27;2020-01-19;062;O.62;DINI;OOSTE;OPCJ;Y;Y;Y;Y;N;;FX;TBB;OTB;;;;;21.97;19.32;44.00;0.00;0.00;221.00;0.00;2;1963-07-01;MFL;;;;1963-01-01
BEL;BEL010621963;8559722;MOD;2020-01-20;2020-09-08;062;O.62;DINI;OOSTE;OPCJ;Y;Y;Y;Y;N;;FX;TBB;OTB;;;;;21.97;19.32;44.00;0.00;0.00;221.00;0.00;2;1963-07-01;MFL;;;;1963-01-01
BEL;BEL010621963;8559722;MOD;2020-09-09;2021-01-10;062;O.62;DINI;OOSTE;OPCJ;Y;Y;Y;Y;Y;205315000;FX;TBB;OTB;;;;;21.97;19.32;44.00;0.00;0.00;221.00;0.00;2;1963-07-01;MFL;;;;1963-01-01
BEL;BEL010621963;8559722;MOD;2021-01-11;2100-12-31;062;O.62;DINI;BEOST;OPCJ;Y;Y;Y;Y;Y;205315000;FX;TBB;OTB;;;;;21.97;19.32;44.00;0.00;0.00;221.00;0.00;2;1963-07-01;MFL;;;;1963-01-01
BEL;BEL010641987;;CEN;1989-01-01;1990-02-22;064;O.64;BLACK-JACK;OOSTE;OPCL;Y;N;N;Y;N;;FX;TBB;NO;;;;;14.00;12.37;24.00;0.00;0.00;110.00;0.00;2;1987-04-16;ZEE;;;;1987-01-01
BEL;BEL010641987;;MOD;1990-02-23;1991-12-31;064;O.64;BLACK-JACK;OOSTE;OPCL;Y;N;N;Y;N;;FX;TBB;NO;;;;;14.00;12.37;24.00;0.00;0.00;143.00;0.00;2;1987-04-16;ZEE;;;;1987-01-01
BEL;BEL010641987;;MOD;1992-01-01;1995-03-12;064;O.64;BLACK-JACK;OOSTE;OPCL;Y;N;N;Y;N;;FX;TBB;NO;;;;;14.00;12.37;24.00;0.00;0.00;143.00;0.00;2;1987-04-16;E10;;;;1987-01-01
BEL;BEL010641987;;MOD;1995-03-13;1996-12-31;064;N.64;BLACK-JACK;NIEUW;OPCL;Y;Y;N;Y;N;;FX;TBB;NO;;;;;14.00;12.37;24.00;0.00;0.00;143.00;0.00;2;1987-04-16;E10;;;;1987-01-01
BEL;BEL010641987;;MOD;1997-01-01;1999-11-14;064;N.64;BLACK-JACK;NIEUW;OPCL;Y;Y;N;Y;N;;FX;TBB;NO;;;;;14.00;12.37;24.00;0.00;0.00;143.00;0.00;2;1987-04-16;4A1;;;;1987-01-01
BEL;BEL010641987;;IMP;2006-08-09;2007-06-30;064;N.64;BLACK JACK;NIEUW;OPCL;Y;Y;Y;Y;N;;FX;TBB;NO;;;;;14.00;12.37;24.00;0.00;0.00;145.00;0.00;2;1987-04-16;MFL;NLD;;;1987-01-01
BEL;BEL010641987;;MOD;2007-07-01;2010-02-08;064;N.64;BLACK JACK;NIEUW;OPCL;Y;Y;Y;Y;N;;FX;GNS;TBB;;;;;14.00;12.37;24.00;0.00;0.00;145.00;0.00;2;1987-04-16;MFL;;;;1987-01-01
BEL;BEL010821987;8431803;CEN;1989-01-01;1991-12-31;082;O.82;ST ANTOINE;OOSTE;OPDD;Y;Y;N;Y;N;;DB;GNS;TBB;;;;;14.50;12.89;31.00;0.00;0.00;138.00;0.00;2;1987-03-17;ZEE;;;;1987-01-01
BEL;BEL010821987;8431803;MOD;1992-01-01;1994-03-22;082;O.82;ST ANTOINE;OOSTE;OPDD;Y;Y;N;Y;N;;DB;GNS;TBB;;;;;14.50;12.89;31.00;0.00;0.00;138.00;0.00;2;1987-03-17;C10;;;;1987-01-01
BEL;BEL010871987;;CEN;1989-01-01;1991-09-02;087;O.87;NELE;OOSTE;OPDI;Y;N;N;Y;N;;TO;TBB;NO;;;;;20.04;16.50;68.00;0.00;0.00;220.00;0.00;2;1987-12-15;ZEE;;;;1987-01-01
BEL;BEL010871987;;MOD;1991-09-03;1991-12-31;087;Z.87;NELE;ZEEBR;OPDI;Y;Y;N;Y;N;;TO;TBB;NO;;;;;20.04;16.99;68.00;0.00;0.00;221.00;0.00;2;1987-12-15;ZEE;;;;1987-01-01
BEL;BEL010871987;;MOD;1992-01-01;1996-12-31;087;Z.87;NELE;ZEEBR;OPDI;Y;Y;N;Y;N;;TO;TBB;NO;;;;;20.04;16.99;68.00;0.00;0.00;221.00;0.00;2;1987-12-15;E10;;;;1987-01-01
BEL;BEL010871987;;MOD;1997-01-01;2002-12-31;087;Z.87;NELE;ZEEBR;OPDI;Y;Y;Y;Y;N;;TO;TBB;NO;;;;;20.04;16.99;68.00;0.00;0.00;221.00;0.00;2;1987-12-15;4A1;;;;1987-01-01
BEL;BEL010871987;;MOD;2003-01-01;2006-03-09;087;Z.87;NELE;ZEEBR;OPDI;Y;Y;Y;Y;N;;TO;TBB;NO;;;;;20.04;16.99;68.00;0.00;0.00;221.00;0.00;2;1987-12-15;MFL;;;;1987-01-01
BEL;BEL010871987;;MOD;2006-03-10;2012-05-02;087;Z.87;NELE;ZEEBR;OPDI;Y;Y;Y;Y;N;;TO;TBB;OTB;;;;;20.04;16.99;68.00;0.00;0.00;221.00;0.00;2;1987-12-15;MFL;;;;1987-01-01
BEL;BEL010871987;;MOD;2012-05-03;2013-02-20;087;Z.87;BELGIAN LADY;ZEEBR;OPDI;Y;Y;Y;Y;N;;TO;TBB;OTB;;;;;20.04;16.99;68.00;0.00;0.00;221.00;0.00;2;1987-12-15;MFL;;;;1987-01-01
BEL;BEL011001964;;CEN;1989-01-01;1989-03-16;100;O.100;EMILIE;OOSTE;OPDV;Y;Y;N;Y;N;;FX;TBB;NO;;;;;16.80;14.00;32.00;29.91;0.00;110.00;0.00;2;1964-11-13;ZEE;;;;1964-01-01
BEL;BEL011001964;;MOD;1989-03-17;1991-12-31;100;O.100;EMILIE;OOSTE;OPDV;Y;Y;N;Y;N;;FX;TBB;NO;;;;;16.80;14.00;32.00;29.91;0.00;176.00;0.00;2;1964-11-13;ZEE;;;;1964-01-01
BEL;BEL011001964;;MOD;1992-01-01;1996-12-31;100;O.100;EMILIE;OOSTE;OPDV;Y;Y;N;Y;N;;FX;TBB;NO;;;;;16.80;14.00;32.00;29.91;0.00;176.00;0.00;2;1964-11-13;E10;;;;1964-01-01
BEL;BEL011001964;;MOD;1997-01-01;1998-08-02;100;O.100;EMILIE;OOSTE;OPDV;Y;Y;Y;Y;N;;FX;TBB;NO;;;;;16.80;14.00;32.00;29.91;0.00;176.00;0.00;2;1964-11-13;4A1;;;;1964-01-01
BEL;BEL011001964;;MOD;1998-08-03;2002-12-31;100;O.100;EMILIE;OOSTE;OPDV;Y;Y;Y;Y;N;;FX;TBB;OTB;;;;;16.80;15.02;32.00;0.00;0.00;176.00;0.00;2;1964-11-13;4A1;;;;1964-01-01
BEL;BEL011001964;;MOD;2003-01-01;2006-03-16;100;O.100;EMILIE;OOSTE;OPDV;Y;Y;Y;Y;N;;FX;TBB;OTB;;;;;16.80;15.02;32.00;0.00;0.00;176.00;0.00;2;1964-11-13;MFL;;;;1964-01-01
BEL;BEL011001964;;MOD;2006-03-17;2007-03-20;100;O.100;EMILIE;OOSTE;OPDV;Y;Y;Y;Y;N;;FX;TBB;OTB;;;;;16.80;15.02;32.00;0.00;0.00;176.00;0.00;2;1964-11-13;MFL;;;;1964-01-01
BEL;BEL011011967;;CEN;1989-01-01;1991-12-31;101;O.101;BENNY;OOSTE;OPDW;Y;Y;N;Y;N;;FX;TBB;NO;;;;;16.80;14.00;33.00;29.91;0.00;184.00;0.00;2;1967-11-24;ZEE;;;;1967-01-01
BEL;BEL011011967;;MOD;1992-01-01;1994-05-04;101;O.101;BENNY;OOSTE;OPDW;Y;Y;N;Y;N;;FX;TBB;NO;;;;;16.80;14.68;33.00;0.00;0.00;184.00;0.00;2;1967-11-24;E10;;;;1967-01-01
BEL;BEL011011967;;MOD;1994-05-05;1996-12-31;101;O.101;BENNY;OOSTE;OPDW;Y;Y;N;Y;N;;FX;TBB;NO;;;;;16.80;14.68;33.00;0.00;0.00;184.00;0.00;2;1967-11-24;C10;;;;1967-01-01
BEL;BEL011011967;;MOD;1997-01-01;2002-12-31;101;O.101;BENNY;OOSTE;OPDW;Y;Y;Y;Y;N;;FX;TBB;OTB;;;;;16.80;14.68;33.00;0.00;0.00;184.00;0.00;2;1967-11-24;4A1;;;;1967-01-01
BEL;BEL011011967;;MOD;2003-01-01;2008-07-24;101;O.101;BENNY;OOSTE;OPDW;Y;Y;Y;Y;N;;FX;TBB;OTB;;;;;16.80;15.02;33.00;0.00;0.00;184.00;0.00;2;1967-11-24;MFL;;;;1967-01-01
BEL;BEL011011967;;MOD;2008-07-25;2013-04-04;101;O.101;BENNY;OOSTE;OPDW;Y;Y;Y;Y;N;;FX;TBB;OTB;;;;;16.80;15.02;33.00;0.00;0.00;184.00;0.00;2;1967-11-24;MFL;;;;1967-01-01
BEL;BEL011011967;;MOD;2013-04-05;2016-01-24;101;O.101;FISTON;OOSTE;OPDW;Y;Y;Y;Y;N;;FX;TBB;OTB;;;;;16.80;15.02;33.00;0.00;0.00;184.00;0.00;2;1967-11-24;MFL;;;;1967-01-01
BEL;BEL011011967;;MOD;2016-01-25;2017-11-28;101;O.101;FISTON;OOSTE;OPDW;Y;Y;Y;Y;N;;FX;TBB;OTB;;;;;16.80;15.02;33.00;0.00;0.00;184.00;0.00;2;1967-11-24;MFL;;;;1967-01-01
BEL;BEL011011967;;MOD;2017-11-29;2020-06-10;101;O.101;FISTON;OOSTE;OPDW;Y;Y;Y;Y;N;;FX;TBB;OTB;;;;;16.80;15.02;33.00;0.00;0.00;221.00;0.00;2;1967-11-24;MFL;;;;1967-01-01
BEL;BEL011081968;;CEN;1989-01-01;1991-11-21;108;O.108;ARENT;OOSTE;OPED;Y;N;N;Y;N;;FX;TBB;NO;;;;;30.28;16.50;152.00;143.06;0.00;485.00;0.00;2;1968-07-01;ZEE;;;;1968-01-01
BEL;BEL011081968;;MOD;1991-11-22;1991-12-31;108;O.108;ARENT;OOSTE;OPED;Y;N;N;Y;N;;FX;TBB;NO;;;;;30.28;26.86;152.00;0.00;0.00;485.00;0.00;2;1968-07-01;ZEE;;;;1968-01-01
BEL;BEL011081968;;MOD;1992-01-01;1992-06-28;108;O.108;ARENT;OOSTE;OPED;Y;N;N;Y;N;;FX;TBB;NO;;;;;30.28;26.86;152.00;0.00;0.00;485.00;0.00;2;1968-07-01;E10;;;;1968-01-01
BEL;BEL011101959;;CEN;1989-01-01;1991-12-31;110;O.110;JEANINNE-MARGARET;OOSTE;OPEF;Y;N;N;Y;N;;TU;TBB;NO;;;;;18.01;16.50;33.00;39.27;0.00;193.00;0.00;2;1974-07-01;ZEE;;;;1959-01-01
BEL;BEL011101959;;MOD;1992-01-01;1996-12-31;110;O.110;JEANINNE-MARGARET;OOSTE;OPEF;Y;N;N;Y;N;;TU;TBB;NO;;;;;18.01;16.50;33.00;39.27;0.00;193.00;0.00;2;1974-07-01;E10;;;;1959-01-01
BEL;BEL011101959;;MOD;1997-01-01;1998-08-02;110;O.110;JEANINNE-MARGARET;OOSTE;OPEF;Y;N;Y;Y;N;;TU;TBB;NO;;;;;18.01;16.50;33.00;39.27;0.00;193.00;0.00;2;1974-07-01;4A1;;;;1959-01-01
BEL;BEL011101959;;MOD;1998-08-03;1999-05-19;110;O.110;JEANINNE-MARGARET;OOSTE;OPEF;Y;N;Y;Y;N;;TU;TBB;NO;;;;;18.01;16.50;33.00;0.00;0.00;193.00;0.00;2;1974-07-01;4A1;;;;1959-01-01
BEL;BEL011101959;;MOD;1999-05-20;1999-09-08;110;O.110;JEANINNE-MARGARET;OOSTE;OPEF;Y;N;Y;Y;N;;TU;TBB;NO;;;;;18.01;16.50;33.00;0.00;0.00;193.00;0.00;2;1974-07-01;4A1;;;;1959-01-01
BEL;BEL011141964;;CEN;1989-01-01;1989-01-11;114;O.114;NORMAUWILL;OOSTE;OPEJ;Y;N;N;Y;N;;FX;TBB;NO;;;;;28.00;25.91;0.00;101.91;0.00;221.00;0.00;2;1964-07-31;ZEE;;;;1964-01-01
BEL;BEL011141964;;MOD;1989-01-12;1991-02-25;114;Z.114;ZEEENGEL;ZEEBR;OPEJ;Y;N;N;Y;N;;FX;TBB;NO;;;;;28.00;25.91;0.00;101.91;0.00;221.00;0.00;2;1964-07-31;ZEE;;;;1964-01-01
BEL;BEL011141964;;MOD;1991-02-26;1991-12-31;114;Z.114;ZEEENGEL;ZEEBR;OPEJ;Y;N;N;Y;N;;FX;TBB;NO;;;;;28.00;25.91;0.00;99.00;0.00;221.00;0.00;2;1964-07-31;ZEE;;;;1964-01-01
BEL;BEL011141964;;MOD;1992-01-01;1995-01-15;114;Z.114;ZEEENGEL;ZEEBR;OPEJ;Y;N;N;Y;N;;FX;TBB;NO;;;;;28.00;25.91;0.00;99.00;0.00;221.00;0.00;2;1964-07-31;E10;;;;1964-01-01
BEL;BEL011161961;;CEN;1989-01-01;1991-12-31;116;O.116;CAROLINE;OOSTE;OPEL;Y;Y;N;Y;N;;FX;TBB;PTB;;;;;17.00;13.85;33.00;29.75;0.00;142.00;0.00;1;1961-05-09;ZEE;;;;1961-01-01
BEL;BEL011161961;;MOD;1992-01-01;1996-12-31;116;O.116;CAROLINE;OOSTE;OPEL;Y;Y;N;Y;N;;FX;TBB;PTB;;;;;17.00;13.85;33.00;29.75;0.00;142.00;0.00;1;1961-05-09;E10;;;;1961-01-01
BEL;BEL011161961;;MOD;1997-01-01;1998-08-02;116;O.116;CAROLINE;OOSTE;OPEL;Y;Y;Y;Y;N;;FX;TBB;PTB;;;;;17.00;13.85;33.00;29.75;0.00;142.00;0.00;1;1961-05-09;4A1;;;;1961-01-01
BEL;BEL011161961;;MOD;1998-08-03;2001-08-01;116;O.116;CAROLINE;OOSTE;OPEL;Y;Y;Y;Y;N;;FX;TBB;PTB;;;;;17.00;13.85;33.00;0.00;0.00;142.00;0.00;1;1961-05-09;4A1;;;;1961-01-01
BEL;BEL011161961;;MOD;2001-08-02;2002-12-31;116;O.116;CAROLINE;OOSTE;OPEL;Y;Y;Y;Y;N;;FX;TBB;PTB;;;;;17.00;14.89;33.00;0.00;0.00;142.00;0.00;1;1961-05-09;4A1;;;;1961-01-01
BEL;BEL011161961;;MOD;2003-01-01;2006-02-12;116;O.116;CAROLINE;OOSTE;OPEL;Y;Y;Y;Y;N;;FX;TBB;PTB;;;;;17.00;14.89;33.00;0.00;0.00;142.00;0.00;1;1961-05-09;MFL;;;;1961-01-01
BEL;BEL011161961;;MOD;2006-02-13;2008-01-08;116;O.116;CAROLINE;OOSTE;OPEL;Y;Y;Y;Y;N;;FX;TBB;OTB;;;;;17.00;14.89;33.00;0.00;0.00;142.00;0.00;1;1961-05-09;MFL;;;;1961-01-01
BEL;BEL011161961;;MOD;2008-01-09;2009-02-15;116;O.116;CAROLINE;OOSTE;OPEL;Y;Y;Y;Y;N;;FX;TBB;OTB;;;;;17.00;14.89;33.00;0.00;0.00;142.00;0.00;1;1961-05-09;MFL;;;;1961-01-01
BEL;BEL011161961;;MOD;2009-02-16;2013-12-01;116;O.116;CAROLINE;OOSTE;OPEL;Y;Y;Y;Y;N;;FX;TBB;GNS;;;;;17.00;14.89;33.00;0.00;0.00;142.00;0.00;1;1961-05-09;MFL;;;;1961-01-01
BEL;BEL011161961;;MOD;2013-12-02;2015-05-04;116;O.116;CAROLINE;OOSTE;OPEL;Y;Y;Y;Y;N;;FX;TBB;GNS;;;;;17.00;14.89;33.00;0.00;0.00;142.00;0.00;1;1961-05-09;MFL;;;;1961-01-01
BEL;BEL011161961;;MOD;2015-05-05;2020-06-10;116;N.116;NOSTALGIE;NIEUW;OPEL;Y;Y;Y;Y;N;;FX;TBB;GNS;;;;;17.00;14.89;33.00;0.00;0.00;142.00;0.00;1;1961-05-09;MFL;;;;1961-01-01
BEL;BEL011241985;;CEN;1989-01-01;1991-12-31;124;O.124;FIGHTER;OOSTE;OPET;Y;Y;N;Y;N;;FX;TBB;NO;;;;;32.23;28.30;259.00;0.00;0.00;882.00;0.00;2;1985-11-06;ZEE;;;;1985-01-01
BEL;BEL011241985;;MOD;1992-01-01;1996-12-31;124;O.124;FIGHTER;OOSTE;OPET;Y;Y;Y;Y;N;;FX;TBB;NO;;;;;32.23;28.30;259.00;0.00;0.00;882.00;0.00;2;1985-11-06;E10;;;;1985-01-01
BEL;BEL011241985;;MOD;1997-01-01;1998-05-14;124;O.124;FIGHTER;OOSTE;OPET;Y;Y;Y;Y;N;;FX;TBB;NO;;;;;32.23;28.30;259.00;0.00;0.00;882.00;0.00;2;1985-11-06;4A1;;;;1985-01-01
BEL;BEL011241985;;MOD;1998-05-15;2002-01-31;124;O.124;FIGHTER;OOSTE;OPET;Y;Y;Y;Y;N;;FX;TBB;NO;;;;;32.23;28.89;259.00;0.00;0.00;883.00;0.00;2;1985-11-06;4A1;;;;1985-01-01
BEL;BEL011241985;;MOD;2002-02-01;2002-12-31;124;O.124;FIGHTER;OOSTE;OPET;Y;Y;Y;Y;N;;FX;TBB;NO;;;;;32.23;28.89;259.00;0.00;0.00;957.00;0.00;2;1985-11-06;4A1;;;;1985-01-01
BEL;BEL011241985;;MOD;2003-01-01;2006-03-12;124;O.124;FIGHTER;OOSTE;OPET;Y;Y;Y;Y;N;;FX;TBB;NO;;;;;32.23;28.89;259.00;0.00;0.00;957.00;0.00;2;1985-11-06;MFL;;;;1985-01-01
BEL;BEL011241985;;MOD;2006-03-13;2010-01-05;124;O.124;FIGHTER;OOSTE;OPET;Y;Y;Y;Y;N;;FX;TBB;OTB;;;;;32.23;28.89;259.00;0.00;0.00;957.00;0.00;2;1985-11-06;MFL;;;;1985-01-01
BEL;BEL011271968;;CEN;1989-01-01;1989-09-14;127;O.127;OKEANOS;OOSTE;OPEW;Y;N;N;Y;N;;FX;TBB;PTB;;;;;28.75;25.91;120.00;130.90;0.00;309.00;0.00;2;1968-02-22;ZEE;;;;1968-01-01
BEL;BEL011271968;;MOD;1989-09-15;1991-12-31;127;O.127;OKEANOS;OOSTE;OPEW;Y;N;N;Y;N;;FX;TBB;PTB;;;;;28.75;25.91;120.00;130.90;0.00;353.00;0.00;2;1968-02-22;ZEE;;;;1968-01-01
BEL;BEL011271968;;MOD;1992-01-01;1995-01-23;127;Z.127;BRANDARIS;ZEEBR;OPEW;Y;N;N;Y;N;;FX;TBB;PTB;;;;;28.75;25.91;120.00;0.00;0.00;353.00;0.00;2;1968-02-22;E10;;;;1968-01-01
BEL;BEL011291961;;CEN;1989-01-01;1991-12-31;129;O.129;AMANDINE;OOSTE;OPEY;Y;N;N;Y;N;;FX;OTB;NO;;;;;36.00;31.50;188.00;196.66;0.00;375.00;0.00;2;1962-03-08;ZEE;;;;1961-01-01
BEL;BEL011291961;;MOD;1992-01-01;1993-06-21;129;O.129;AMANDINE;OOSTE;OPEY;Y;N;N;Y;N;;FX;OTB;NO;;;;;36.00;33.50;188.00;0.00;0.00;375.00;0.00;2;1962-03-08;E13;;;;1961-01-01
BEL;BEL011291961;;MOD;1993-06-22;1995-04-05;129;O.129;AMANDINE;OOSTE;OPEY;Y;N;N;Y;N;;FX;OTB;NO;;;;;36.00;33.50;188.00;0.00;0.00;375.00;0.00;2;1962-03-08;G14;;;;1961-01-01
BEL;BEL011351970;;CEN;1989-01-01;1991-12-31;135;O.135;MARIA DUYNE;OOSTE;OPFE;Y;N;N;Y;N;;FX;OTB;NO;;;;;28.00;24.90;0.00;100.42;0.00;276.00;0.00;2;1970-04-24;ZEE;;;;1970-01-01
BEL;BEL011351970;;MOD;1992-01-01;1992-12-23;135;O.135;MARIA DUYNE;OOSTE;OPFE;Y;N;N;Y;N;;FX;OTB;NO;;;;;28.00;24.90;0.00;100.42;0.00;221.00;0.00;2;1970-04-24;E13;;;;1970-01-01
BEL;BEL011371983;;CEN;1989-01-01;1991-12-31;137;O.137;TWILIGHT;OOSTE;OPFG;Y;N;N;Y;N;;FX;TBB;NO;;;;;32.50;29.00;247.00;0.00;0.00;750.00;0.00;2;1984-09-10;ZEE;;;;1983-01-01
BEL;BEL011371983;;MOD;1992-01-01;1996-12-31;137;Z.137;TWILIGHT;ZEEBR;OPFG;Y;Y;N;Y;N;;FX;TBB;NO;;;;;32.50;29.22;247.00;0.00;0.00;750.00;0.00;2;1984-09-10;E10;;;;1983-01-01
BEL;BEL011371983;;MOD;1997-01-01;2002-01-31;137;Z.137;TWILIGHT;ZEEBR;OPFG;Y;Y;Y;Y;N;;FX;TBB;NO;;;;;32.50;29.22;247.00;0.00;0.00;750.00;0.00;2;1984-09-10;4A1;;;;1983-01-01
BEL;BEL011371983;;MOD;2002-02-01;2002-12-31;137;Z.137;TWILIGHT;ZEEBR;OPFG;Y;Y;Y;Y;N;;FX;TBB;NO;;;;;32.50;29.22;247.00;0.00;0.00;883.00;0.00;2;1984-09-10;4A1;;;;1983-01-01
BEL;BEL011371983;;MOD;2003-01-01;2007-10-27;137;Z.137;TWILIGHT;ZEEBR;OPFG;Y;Y;Y;Y;N;;FX;TBB;NO;;;;;32.50;29.22;247.00;0.00;0.00;883.00;0.00;2;1984-09-10;MFL;;;;1983-01-01
BEL;BEL011421957;;CEN;1989-01-01;1989-04-11;142;O.142;HERMES;OOSTE;OPFL;Y;N;N;Y;N;;FX;TBB;PTB;;;;;20.00;16.30;0.00;47.13;0.00;110.00;0.00;1;1957-05-09;ZEE;;;;1957-01-01
BEL;BEL011421957;;MOD;1989-04-12;1991-12-31;142;O.142;HERMES;OOSTE;OPFL;Y;N;N;Y;N;;FX;TBB;PTB;;;;;20.00;16.30;0.00;47.13;0.00;191.00;0.00;1;1957-05-09;ZEE;;;;1957-01-01
BEL;BEL011421957;;MOD;1992-01-01;1992-12-14;142;O.142;HERMES;OOSTE;OPFL;Y;N;N;Y;N;;FX;TBB;PTB;;;;;20.00;16.30;0.00;47.13;0.00;191.00;0.00;1;1957-05-09;C10;;;AC;1957-01-01
BEL;BEL011481957;;CEN;1989-01-01;1991-03-12;148;O.148;SNIPE;OOSTE;OPFR;Y;Y;N;Y;N;;FX;TBB;PTB;;;;;20.60;17.85;50.00;55.31;0.00;110.00;0.00;1;1958-11-22;ZEE;;;;1957-01-01
BEL;BEL011481957;;MOD;1991-03-13;1991-12-31;148;O.148;SNIPE;OOSTE;OPFR;Y;Y;N;Y;N;;FX;TBB;PTB;;;;;20.60;17.85;50.00;0.00;0.00;221.00;0.00;1;1958-11-22;ZEE;;;;1957-01-01
BEL;BEL011481957;;MOD;1992-01-01;1996-12-31;148;O.148;SNIPE;OOSTE;OPFR;Y;Y;N;Y;N;;FX;TBB;PTB;;;;;20.60;17.85;50.00;0.00;0.00;221.00;0.00;1;1958-11-22;E10;;;;1957-01-01
BEL;BEL011481957;;MOD;1997-01-01;2002-12-31;148;O.148;SNIPE;OOSTE;OPFR;Y;Y;Y;Y;N;;FX;TBB;PTB;;;;;20.60;17.85;50.00;0.00;0.00;221.00;0.00;1;1958-11-22;4A1;;;;1957-01-01
BEL;BEL011481957;;MOD;2003-01-01;2006-02-01;148;O.148;SNIPE;OOSTE;OPFR;Y;Y;Y;Y;N;;FX;TBB;PTB;;;;;20.60;17.85;50.00;0.00;0.00;221.00;0.00;1;1958-11-22;MFL;;;;1957-01-01
BEL;BEL011481957;;MOD;2006-02-02;2007-08-19;148;O.148;SNIPE;OOSTE;OPFR;Y;Y;Y;Y;N;;FX;TBB;OTB;;;;;20.60;17.85;50.00;0.00;0.00;221.00;0.00;1;1958-11-22;MFL;;;;1957-01-01
BEL;BEL011481957;;MOD;2007-08-20;2007-10-27;148;O.148;SNIPE;OOSTE;OPFR;Y;Y;Y;Y;N;;FX;TBB;OTB;;;;;20.60;17.85;50.00;0.00;0.00;221.00;0.00;1;1958-11-22;MFL;;;;1957-01-01
BEL;BEL011541988;8835906;CEN;1989-01-01;1991-12-31;154;O.154;WILMAR;OOSTE;OPFX;Y;Y;N;Y;N;;FX;OTB;NO;;;;;25.94;22.92;207.00;0.00;0.00;518.00;0.00;2;1988-07-26;ZEE;;;;1988-01-01
BEL;BEL011541988;8835906;MOD;1992-01-01;1996-12-31;154;O.154;WILMAR;OOSTE;OPFX;Y;Y;Y;Y;N;;FX;OTB;NO;;;;;25.94;22.92;207.00;0.00;0.00;518.00;0.00;2;1988-07-26;C10;;;;1988-01-01
BEL;BEL011541988;8835906;MOD;1997-01-01;1998-01-11;154;O.154;WILMAR;OOSTE;OPFX;Y;Y;Y;Y;N;;FX;OTB;NO;;;;;25.94;22.92;207.00;0.00;0.00;518.00;0.00;2;1988-07-26;4A2;;;;1988-01-01
BEL;BEL011541988;8835906;MOD;1998-01-12;2002-12-31;154;O.154;WILMAR;OOSTE;OPFX;Y;Y;Y;Y;N;;FX;OTB;NO;;;;;25.94;22.92;207.00;0.00;0.00;518.00;0.00;2;1988-07-26;4A2;;;;1988-01-01
BEL;BEL011541988;8835906;MOD;2003-01-01;2007-10-28;154;O.154;WILMAR;OOSTE;OPFX;Y;Y;Y;Y;N;;FX;OTB;NO;;;;;25.94;22.92;207.00;0.00;0.00;518.00;0.00;2;1988-07-26;MFL;;;;1988-01-01
BEL;BEL011541988;8835906;MOD;2007-10-29;2010-06-28;154;O.154;WILMAR;OOSTE;OPFX;Y;Y;Y;Y;N;;FX;OTB;NO;;;;;25.94;22.92;207.00;0.00;0.00;666.00;0.00;2;1988-07-26;MFL;;;;1988-01-01
BEL;BEL011541988;8835906;MOD;2010-06-29;2012-08-29;154;O.154;WILMAR;OOSTE;OPFX;Y;Y;Y;Y;N;;FX;OTB;NO;;;;;25.94;22.92;207.00;0.00;0.00;666.00;0.00;2;1988-07-26;MFL;;;;1988-01-01
BEL;BEL011541988;8835906;MOD;2012-08-30;2020-06-30;154;O.154;WILMAR;OOSTE;OPFX;Y;Y;Y;Y;N;;FX;OTB;NO;;;;;25.94;22.92;207.00;0.00;0.00;1048.00;0.00;2;1988-07-26;MFL;;;;1988-01-01
BEL;BEL011541988;8835906;MOD;2020-07-01;2020-09-08;154;O.154;WILMAR;OOSTE;OPFX;Y;Y;Y;Y;N;;FX;OTB;NO;;;;;25.94;22.92;207.00;0.00;0.00;1200.00;0.00;2;1988-07-26;MFL;;;;1988-01-01
BEL;BEL011541988;8835906;MOD;2020-09-09;2021-01-17;154;O.154;WILMAR;OOSTE;OPFX;Y;Y;Y;Y;Y;205165000;FX;OTB;NO;;;;;25.94;22.92;207.00;0.00;0.00;1200.00;0.00;2;1988-07-26;MFL;;;;1988-01-01
BEL;BEL011541988;8835906;MOD;2021-01-18;2100-12-31;154;O.154;WILMAR;BEOST;OPFX;Y;Y;Y;Y;Y;205165000;FX;OTB;NO;;;;;25.94;22.92;207.00;0.00;0.00;1200.00;0.00;2;1988-07-26;MFL;;;;1988-01-01
BEL;BEL011562004;8993459;IMP;2009-04-17;2015-10-21;156;O.156;MARRETJE-AALTJE;OOSTE;OPFZ;Y;Y;Y;Y;N;;FX;OTB;TBB;;;;;19.98;17.54;199.00;0.00;0.00;887.00;0.00;3;2004-03-21;MFL;CAN;;;2004-01-01
BEL;BEL011721955;;CEN;1989-01-01;1991-09-30;172;O.172;JEAN-GLENN;OOSTE;OPGP;Y;N;N;Y;N;;FX;TBB;PTB;;;;;21.10;18.20;0.00;59.24;0.00;147.00;0.00;2;1955-07-01;ZEE;;;;1955-01-01
BEL;BEL011721955;;MOD;1991-10-01;1991-12-31;172;O.172;JEAN-GLENN;OOSTE;OPGP;Y;N;N;Y;N;;FX;OTB;NO;;;;;21.10;18.20;0.00;59.24;0.00;147.00;0.00;2;1955-07-01;ZEE;;;;1955-01-01
BEL;BEL011721955;;MOD;1992-01-01;1993-12-26;172;O.172;JEAN-GLENN;OOSTE;OPGP;Y;N;N;Y;N;;FX;OTB;NO;;;;;21.10;18.20;0.00;59.24;0.00;147.00;0.00;2;1955-07-01;E13;;;AC;1955-01-01
BEL;BEL011871989;8835891;CST;1989-07-10;1991-12-31;187;O.187;ST. ANTONIUS;OOSTE;OPHE;Y;Y;N;Y;N;;FX;TBB;NO;;;;;23.99;21.52;109.00;0.00;0.00;211.00;0.00;2;1989-07-10;ZEE;;;;1989-01-01
BEL;BEL011871989;8835891;MOD;1992-01-01;1993-02-15;187;O.187;ST. ANTONIUS;OOSTE;OPHE;Y;Y;N;Y;N;;FX;TBB;NO;;;;;23.99;21.52;109.00;0.00;0.00;221.00;0.00;2;1989-07-10;E10;;;;1989-01-01
BEL;BEL011871989;8835891;MOD;1993-02-16;1996-12-31;187;O.187;ST. ANTONIUS;OOSTE;OPHE;Y;Y;N;Y;N;;FX;TBB;NO;;;;;23.99;21.52;109.00;0.00;0.00;221.00;0.00;2;1989-07-10;C10;;;;1989-01-01
BEL;BEL011871989;8835891;MOD;1997-01-01;2002-12-31;187;O.187;ST. ANTONIUS;OOSTE;OPHE;Y;Y;Y;Y;N;;FX;TBB;NO;;;;;23.99;21.52;109.00;0.00;0.00;221.00;0.00;2;1989-07-10;4A1;;;;1989-01-01
BEL;BEL011871989;8835891;MOD;2003-01-01;2005-08-25;187;O.187;ST. ANTONIUS;OOSTE;OPHE;Y;Y;Y;Y;N;;FX;TBB;NO;;;;;23.99;21.52;109.00;0.00;0.00;221.00;0.00;2;1989-07-10;MFL;;;;1989-01-01
BEL;BEL011871989;8835891;MOD;2005-08-26;2009-10-29;187;O.187;GRIETJE-HENDRIKA;OOSTE;OPHE;Y;Y;Y;Y;N;;FX;TBB;NO;;;;;23.99;21.52;109.00;0.00;0.00;221.00;0.00;2;1989-07-10;MFL;;;;1989-01-01
BEL;BEL011871989;8835891;MOD;2009-10-30;2012-11-06;187;O.187;GRIETJE-HENDRIKA;OOSTE;OPHE;Y;Y;Y;Y;N;;FX;TBB;NO;;;;;23.99;21.52;109.00;0.00;0.00;221.00;0.00;2;1989-07-10;MFL;;;;1989-01-01
BEL;BEL011871989;8835891;MOD;2012-11-07;2019-07-15;187;O.187;GRIETJE-HENDRIKA;OOSTE;OPHE;Y;Y;Y;Y;N;;FX;TBB;OTB;;;;;23.99;21.52;109.00;0.00;0.00;221.00;0.00;2;1989-07-10;MFL;;;;1989-01-01
BEL;BEL011871989;8835891;MOD;2019-07-16;2020-09-08;187;Z.187;GRIETJE;ZEEBR;OPHE;Y;Y;Y;Y;N;;FX;TBB;OTB;;;;;23.99;21.52;109.00;0.00;0.00;221.00;0.00;2;1989-07-10;MFL;;;;1989-01-01
BEL;BEL011871989;8835891;MOD;2020-09-09;2020-10-19;187;Z.187;GRIETJE;ZEEBR;OPHE;Y;Y;Y;Y;Y;205258000;FX;TBB;OTB;;;;;23.99;21.52;109.00;0.00;0.00;221.00;0.00;2;1989-07-10;MFL;;;;1989-01-01
BEL;BEL011871989;8835891;MOD;2020-10-20;2021-01-11;187;Z.187;GRIETJE;ZEEBR;OPHE;Y;Y;Y;Y;Y;205258000;FX;TBB;OTB;;;;;23.99;21.52;109.00;0.00;0.00;221.00;0.00;2;1989-07-10;MFL;;;;1989-01-01
BEL;BEL011871989;8835891;MOD;2021-01-12;2100-12-31;187;Z.187;GRIETJE;BEZEE;OPHE;Y;Y;Y;Y;Y;205258000;FX;TBB;OTB;;;;;23.99;21.52;109.00;0.00;0.00;221.00;0.00;2;1989-07-10;MFL;;;;1989-01-01
BEL;BEL011901963;8564454;CEN;1989-01-01;1991-12-31;190;O.190;RENILDE;OOSTE;OPHH;Y;Y;N;Y;N;;FX;TBB;NO;;;;;20.91;18.72;0.00;49.47;0.00;221.00;0.00;2;1973-11-06;ZEE;;;;1963-01-01
BEL;BEL011901963;8564454;MOD;1992-01-01;1996-01-04;190;O.190;RENILDE;OOSTE;OPHH;Y;Y;N;Y;N;;FX;TBB;NO;;;;;20.91;18.72;0.00;49.47;0.00;221.00;0.00;2;1973-11-06;E10;;;;1963-01-01
BEL;BEL011901963;8564454;MOD;1996-01-05;1996-12-31;190;O.190;RENILDE;OOSTE;OPHH;Y;Y;N;Y;N;;FX;TBB;NO;;;;;21.20;18.72;54.00;0.00;0.00;221.00;0.00;2;1973-11-06;E10;;;;1963-01-01
BEL;BEL011901963;8564454;MOD;1997-01-01;2000-03-13;190;O.190;RENILDE;OOSTE;OPHH;Y;Y;Y;Y;N;;FX;TBB;NO;;;;;21.20;18.72;54.00;0.00;0.00;221.00;0.00;2;1973-11-06;4A1;;;;1963-01-01
BEL;BEL011901963;8564454;MOD;2000-03-14;2002-12-31;191;O.191;NATACHA;OOSTE;OPHI;Y;Y;Y;Y;N;;FX;TBB;OTB;;;;;21.20;18.39;54.00;0.00;0.00;221.00;0.00;2;1973-11-06;4A1;;;;1963-01-01
BEL;BEL011901963;8564454;MOD;2003-01-01;2007-10-01;191;O.191;NATACHA;OOSTE;OPHI;Y;Y;Y;Y;N;;FX;TBB;OTB;;;;;21.20;18.39;54.00;0.00;0.00;221.00;0.00;2;1973-11-06;MFL;;;;1963-01-01
BEL;BEL011901963;8564454;MOD;2007-10-02;2010-10-28;191;O.191;NATACHA;OOSTE;OPHI;Y;Y;Y;Y;N;;FX;GNS;GTR;;;;;21.20;18.39;54.00;0.00;0.00;221.00;0.00;2;1973-11-06;MFL;;;;1963-01-01
BEL;BEL011901963;8564454;MOD;2010-10-29;2011-08-09;191;O.191;NATACHA;OOSTE;OPHI;Y;Y;Y;Y;N;;FX;GNS;GTR;;;;;21.20;18.39;54.00;0.00;0.00;221.00;0.00;2;1973-11-06;MFL;;;;1963-01-01
BEL;BEL011901963;8564454;MOD;2011-08-10;2013-12-18;191;O.191;MATIMO;OOSTE;OPHI;Y;Y;Y;Y;N;;FX;TBB;GTR;;;;;21.20;18.39;54.00;0.00;0.00;221.00;0.00;2;1973-11-06;MFL;;;;1963-01-01
BEL;BEL011901963;8564454;MOD;2013-12-19;2015-08-04;191;O.191;MATIMO;OOSTE;OPHI;Y;Y;Y;Y;N;;FX;TBB;GTR;;;;;21.20;18.39;54.00;0.00;0.00;221.00;0.00;2;1973-11-06;MFL;;;;1963-01-01
BEL;BEL011901963;8564454;MOD;2015-08-05;2016-03-07;191;O.191;MATIMO;OOSTE;OPHI;Y;Y;Y;Y;N;;FX;TBB;GTR;;;;;21.20;18.39;54.00;0.00;0.00;221.00;0.00;2;1973-11-06;MFL;;;;1963-01-01
BEL;BEL011901963;8564454;MOD;2016-03-08;2020-09-08;191;O.191;ROMY;OOSTE;OPHI;Y;Y;Y;Y;N;;FX;TBB;GTR;;;;;21.20;18.39;54.00;0.00;0.00;221.00;0.00;2;1973-11-06;MFL;;;;1963-01-01
BEL;BEL011901963;8564454;MOD;2020-09-09;2021-01-04;191;O.191;ROMY;OOSTE;OPHI;Y;Y;Y;Y;Y;205273000;FX;TBB;GTR;;;;;21.20;18.39;54.00;0.00;0.00;221.00;0.00;2;1973-11-06;MFL;;;;1963-01-01
BEL;BEL011901963;8564454;MOD;2021-01-05;2021-01-17;191;O.191;ROMY;BEOST;OPHI;Y;Y;Y;Y;Y;205273000;FX;TBB;GTR;;;;;21.20;18.39;54.00;0.00;0.00;221.00;0.00;2;1973-11-06;MFL;;;;1963-01-01
BEL;BEL011901963;8564454;MOD;2021-01-18;2100-12-31;191;O.191;ROMY;BEOST;OPHI;Y;Y;Y;Y;Y;205273000;FX;TBB;GTR;;;;;21.20;18.39;54.00;0.00;0.00;221.00;0.00;2;1973-11-06;MFL;;;;1963-01-01
BEL;BEL011911968;8564387;CEN;1989-01-01;1991-12-31;191;O.191;NATACHA;OOSTE;OPHI;Y;Y;N;Y;N;;FX;TBB;NO;;;;;17.00;14.88;42.00;0.00;0.00;176.00;0.00;2;1968-11-19;ZEE;;;;1968-01-01
BEL;BEL011911968;8564387;MOD;1992-01-01;1996-12-31;191;O.191;NATACHA;OOSTE;OPHI;Y;Y;N;Y;N;;FX;TBB;NO;;;;;17.00;14.88;42.00;0.00;0.00;176.00;0.00;2;1968-11-19;E10;;;;1968-01-01
BEL;BEL011911968;8564387;MOD;1997-01-01;2000-03-13;191;O.191;NATACHA;OOSTE;OPHI;Y;Y;Y;Y;N;;FX;TBB;NO;;;;;17.00;14.88;42.00;0.00;0.00;176.00;0.00;2;1968-11-19;4A1;;;;1968-01-01
BEL;BEL011911968;8564387;MOD;2000-03-14;2002-12-31;152;O.152;ARAN;OOSTE;OPFV;Y;Y;Y;Y;N;;FX;TBB;PTB;;;;;17.00;14.88;42.00;0.00;0.00;176.00;0.00;2;1968-11-19;4A1;;;;1968-01-01
BEL;BEL011911968;8564387;MOD;2003-01-01;2006-02-22;152;O.152;ARAN;OOSTE;OPFV;Y;Y;Y;Y;N;;FX;TBB;PTB;;;;;17.00;14.88;42.00;0.00;0.00;176.00;0.00;2;1968-11-19;MFL;;;;1968-01-01
BEL;BEL011911968;8564387;MOD;2006-02-23;2015-09-21;152;O.152;ARAN;OOSTE;OPFV;Y;Y;Y;Y;N;;FX;TBB;OTB;;;;;17.00;14.88;42.00;0.00;0.00;176.00;0.00;2;1968-11-19;MFL;;;;1968-01-01
BEL;BEL011911968;8564387;MOD;2015-09-22;2020-09-08;152;O.152;ARAN;OOSTE;OPFV;Y;Y;Y;Y;N;;FX;TBB;OTB;;;;;17.00;14.88;42.00;0.00;0.00;221.00;0.00;2;1968-11-19;MFL;;;;1968-01-01
BEL;BEL011911968;8564387;MOD;2020-09-09;2021-01-04;152;O.152;ARAN;OOSTE;OPFV;Y;Y;Y;Y;Y;205323000;FX;TBB;OTB;;;;;17.00;14.88;42.00;0.00;0.00;221.00;0.00;2;1968-11-19;MFL;;;;1968-01-01
BEL;BEL011911968;8564387;MOD;2021-01-05;2021-01-17;152;O.152;ARAN;BEOST;OPFV;Y;Y;Y;Y;Y;205323000;FX;TBB;OTB;;;;;17.00;14.88;42.00;0.00;0.00;221.00;0.00;2;1968-11-19;MFL;;;;1968-01-01
BEL;BEL011911968;8564387;MOD;2021-01-18;2021-02-02;152;O.152;ARAN;BEOST;OPFV;Y;Y;Y;Y;Y;205323000;FX;TBB;OTB;;;;;17.00;14.88;42.00;0.00;0.00;221.00;0.00;2;1968-11-19;MFL;;;;1968-01-01
BEL;BEL011911968;8564387;MOD;2021-02-03;2100-12-31;152;O.152;ARAN;BEOST;OPFV;Y;Y;Y;Y;Y;205323000;FX;TBB;OTB;;;;;17.00;14.88;42.00;0.00;0.00;221.00;0.00;2;1968-11-19;MFL;;;;1968-01-01
BEL;BEL011921957;;CEN;1989-01-01;1991-12-31;192;O.192;LYDIE-MADELEINE;OOSTE;OPHJ;Y;N;N;Y;N;;FX;TBB;PTB;;;;;22.15;17.50;0.00;49.31;0.00;221.00;0.00;1;1958-03-04;ZEE;;;;1957-01-01
BEL;BEL011921957;;MOD;1992-01-01;1995-01-25;192;O.192;LYDIE-MADELEINE;OOSTE;OPHJ;Y;N;N;Y;N;;FX;TBB;PTB;;;;;22.15;17.50;0.00;49.31;0.00;221.00;0.00;1;1958-03-04;E10;;;;1957-01-01
BEL;BEL012061969;;CEN;1989-01-01;1989-07-19;206;O.206;KRISJEAN-HENSON;OOSTE;OPHX;Y;N;N;Y;N;;FX;OTB;NO;;;;;28.00;24.90;111.00;101.02;0.00;276.00;0.00;2;1969-05-08;ZEE;;;;1969-01-01
BEL;BEL012061969;;MOD;1989-07-20;1991-12-31;206;O.206;KRISJEAN-HENSON;OOSTE;OPHX;Y;N;N;Y;N;;FX;OTB;NO;;;;;28.00;24.90;111.00;101.02;0.00;268.00;0.00;2;1969-05-08;ZEE;;;;1969-01-01
BEL;BEL012061969;;MOD;1992-01-01;1996-12-31;206;O.206;KRISJEAN-HENSON;OOSTE;OPHX;Y;N;N;Y;N;;FX;OTB;NO;;;;;28.00;24.39;111.00;0.00;0.00;219.00;0.00;2;1969-05-08;E13;;;;1969-01-01
BEL;BEL012061969;;MOD;1997-01-01;1999-12-07;206;O.206;KRISJEAN-HENSON;OOSTE;OPHX;Y;N;Y;Y;N;;FX;OTB;NO;;;;;28.00;24.39;111.00;0.00;0.00;219.00;0.00;2;1969-05-08;4A2;;;;1969-01-01
BEL;BEL012111971;;CEN;1989-01-01;1989-07-17;211;O.211;CHRISTOPH;OOSTE;OPIC;Y;N;N;Y;N;;MTG;TBB;NO;;;;;14.60;12.70;23.00;27.73;0.00;107.00;0.00;2;1971-07-09;ZEE;;;;1971-01-01
BEL;BEL012111971;;MOD;1989-07-18;1991-12-31;211;O.211;CHRISTOPH;OOSTE;OPIC;Y;N;N;Y;N;;MTG;TBB;NO;;;;;14.60;12.70;23.00;27.73;0.00;158.00;0.00;2;1971-07-09;ZEE;;;;1971-01-01
BEL;BEL012111971;;MOD;1992-01-01;1996-12-31;211;O.211;CHRISTOPH;OOSTE;OPIC;Y;N;N;Y;N;;MTG;TBB;NO;;;;;14.60;12.70;23.00;27.73;0.00;158.00;0.00;2;1971-07-09;E10;;;;1971-01-01
BEL;BEL012111971;;MOD;1997-01-01;1997-10-19;211;O.211;CHRISTOPH;OOSTE;OPIC;Y;N;N;Y;N;;MTG;TBB;NO;;;;;14.60;12.70;23.00;27.73;0.00;158.00;0.00;2;1971-07-09;4A1;;;;1971-01-01
BEL;BEL012111971;;MOD;1997-10-20;1998-05-12;211;O.211;CHRISTOPH;OOSTE;OPIC;Y;N;N;Y;N;;MTG;TBB;NO;;;;;14.60;12.70;23.00;0.00;0.00;158.00;0.00;2;1971-07-09;4A1;;;;1971-01-01
BEL;BEL012161961;;CEN;1989-01-01;1991-12-31;216;O.216;HENRI-JEANINE;OOSTE;OPIH;Y;N;N;Y;N;;FX;OTB;NO;;;;;41.43;36.77;0.00;280.88;0.00;551.00;0.00;2;1961-06-05;YSL;;;;1961-01-01
BEL;BEL012161961;;MOD;1992-01-01;1993-12-29;216;O.216;HENRI-JEANINE;OOSTE;OPIH;Y;N;N;Y;N;;FX;OTB;NO;;;;;41.43;37.90;0.00;280.88;0.00;551.00;0.00;2;1961-06-05;G14;;;;1961-01-01
BEL;BEL012251957;;CEN;1989-01-01;1991-12-31;225;O.225;NORMAN KIM;OOSTE;OPIQ;Y;Y;N;Y;N;;FX;TBB;NO;;;;;20.60;18.34;55.00;57.18;0.00;184.00;0.00;1;1958-02-14;ZEE;;;;1957-01-01
BEL;BEL012251957;;MOD;1992-01-01;1996-12-31;225;O.225;NORMAN KIM;OOSTE;OPIQ;Y;Y;N;Y;N;;FX;TBB;NO;;;;;20.60;18.34;55.00;57.18;0.00;184.00;0.00;1;1958-02-14;E10;;;;1957-01-01
BEL;BEL012251957;;MOD;1997-01-01;1997-03-05;225;O.225;NORMAN KIM;OOSTE;OPIQ;Y;Y;Y;Y;N;;FX;TBB;NO;;;;;20.60;18.34;55.00;57.18;0.00;184.00;0.00;1;1958-02-14;4A1;;;;1957-01-01
BEL;BEL012251957;;MOD;1997-03-06;2002-12-31;225;O.225;NORMAN KIM;OOSTE;OPIQ;Y;Y;Y;Y;N;;FX;TBB;NO;;;;;20.60;18.34;55.00;0.00;0.00;184.00;0.00;1;1958-02-14;4A1;;;;1957-01-01
BEL;BEL012251957;;MOD;2003-01-01;2006-02-20;225;O.225;NORMAN KIM;OOSTE;OPIQ;Y;Y;Y;Y;N;;FX;TBB;NO;;;;;20.60;18.34;55.00;0.00;0.00;184.00;0.00;1;1958-02-14;MFL;;;;1957-01-01
BEL;BEL012251957;;MOD;2006-02-21;2006-09-24;225;O.225;NORMAN KIM;OOSTE;OPIQ;Y;Y;Y;Y;N;;FX;TBB;OTB;;;;;20.60;18.34;55.00;0.00;0.00;184.00;0.00;1;1958-02-14;MFL;;;;1957-01-01
BEL;BEL012291963;;CEN;1989-01-01;1991-04-25;229;O.229;ROGER-JEANINE;OOSTE;OPIU;Y;Y;N;Y;N;;FX;OTB;TBB;;;;;27.00;25.25;0.00;98.05;0.00;265.00;0.00;2;1963-02-11;ZEE;;;;1963-01-01
BEL;BEL012291991;8871730;CST;1991-06-05;1991-12-31;229;O.229;LIBERTY;OOSTE;OPIU;Y;Y;N;Y;N;;FX;TBB;NO;;;;;23.93;21.00;126.00;0.00;0.00;291.00;0.00;2;1991-06-05;ZEE;;;;1991-01-01
BEL;BEL012291991;8871730;MOD;1992-01-01;1994-05-02;229;O.229;LIBERTY;OOSTE;OPIU;Y;Y;N;Y;N;;FX;TBB;OTB;;;;;23.93;21.00;126.00;0.00;0.00;218.00;0.00;2;1991-06-05;E10;;;;1991-01-01
BEL;BEL012291991;8871730;MOD;1994-05-03;1994-09-08;229;O.229;LIBERTY;OOSTE;OPIU;Y;Y;N;Y;N;;FX;TBB;NO;;;;;23.93;21.00;126.00;0.00;0.00;221.00;0.00;2;1991-06-05;C10;;;;1991-01-01
BEL;BEL012291991;8871730;MOD;1994-09-09;1996-12-31;229;O.229;LIBERTY;OOSTE;OPIU;Y;Y;N;Y;N;;FX;TBB;OTB;;;;;23.93;21.00;126.00;0.00;0.00;218.00;0.00;2;1991-06-05;C10;;;;1991-01-01
BEL;BEL012291991;8871730;MOD;1997-01-01;2002-12-31;229;O.229;LIBERTY;OOSTE;OPIU;Y;Y;Y;Y;N;;FX;TBB;OTB;;;;;23.93;21.00;126.00;0.00;0.00;218.00;0.00;2;1991-06-05;4A1;;;;1991-01-01
BEL;BEL012291991;8871730;MOD;2003-01-01;2004-12-05;229;O.229;LIBERTY;OOSTE;OPIU;Y;Y;Y;Y;N;;FX;TBB;OTB;;;;;23.93;21.00;126.00;0.00;0.00;218.00;0.00;2;1991-06-05;MFL;;;;1991-01-01
BEL;BEL012291991;8871730;MOD;2004-12-06;2011-11-03;229;O.229;LIBERTY;OOSTE;OPIU;Y;Y;Y;Y;N;;FX;TBB;OTB;;;;;23.93;21.00;126.00;0.00;0.00;221.00;0.00;2;1991-06-05;MFL;;;;1991-01-01
BEL;BEL012291991;8871730;MOD;2011-11-04;2017-11-28;229;O.229;LIBERTY;OOSTE;OPIU;Y;Y;Y;Y;N;;FX;TBB;OTB;;;;;23.93;21.00;126.00;0.00;0.00;221.00;0.00;2;1991-06-05;MFL;;;;1991-01-01
BEL;BEL012291991;8871730;MOD;2017-11-29;2019-09-16;188;Z.188;HILLIE;ZEEBR;OPHF;Y;Y;Y;Y;N;;FX;TBB;OTB;;;;;23.93;21.00;126.00;0.00;0.00;221.00;0.00;2;1991-06-05;MFL;;;;1991-01-01
BEL;BEL012291991;8871730;MOD;2019-09-17;2020-09-08;188;Z.188;HILLIE;ZEEBR;OPHF;Y;Y;Y;Y;N;;FX;TBB;OTB;;;;;23.93;21.00;126.00;0.00;0.00;221.00;0.00;2;1991-06-05;MFL;;;;1991-01-01
BEL;BEL012291991;8871730;MOD;2020-09-09;2021-01-11;188;Z.188;HILLIE;ZEEBR;OPHF;Y;Y;Y;Y;Y;205740000;FX;TBB;OTB;;;;;23.93;21.00;126.00;0.00;0.00;221.00;0.00;2;1991-06-05;MFL;;;;1991-01-01
BEL;BEL012291991;8871730;MOD;2021-01-12;2100-12-31;188;Z.188;HILLIE;BEZEE;OPHF;Y;Y;Y;Y;Y;205740000;FX;TBB;OTB;;;;;23.93;21.00;126.00;0.00;0.00;221.00;0.00;2;1991-06-05;MFL;;;;1991-01-01
BEL;BEL012311981;;CEN;1989-01-01;1990-10-24;231;O.231;ST. CAROLUS;OOSTE;OPIW;Y;Y;N;Y;N;;FX;TBB;NO;;;;;34.60;30.65;281.00;264.69;0.00;882.00;0.00;2;1981-02-03;ZEE;;;;1981-01-01
BEL;BEL012311981;;MOD;1990-10-25;1991-12-31;231;O.231;ST. CAROLUS;OOSTE;OPIW;Y;Y;N;Y;N;;FX;TBB;NO;;;;;34.60;30.65;281.00;0.00;0.00;864.00;0.00;2;1981-02-03;ZEE;;;;1981-01-01
BEL;BEL012311981;;MOD;1992-01-01;1996-12-31;231;O.231;ST. CAROLUS;OOSTE;OPIW;Y;Y;N;Y;N;;FX;TBB;NO;;;;;34.60;31.04;281.00;0.00;0.00;721.00;0.00;2;1981-02-03;E10;;;;1981-01-01
BEL;BEL012311981;;MOD;1997-01-01;2001-01-06;231;O.231;ST. CAROLUS;OOSTE;OPIW;Y;Y;Y;Y;N;;FX;TBB;NO;;;;;34.60;31.04;281.00;0.00;0.00;721.00;0.00;2;1981-02-03;4A1;;;;1981-01-01
BEL;BEL012312001;9222089;CST;2001-01-08;2002-12-31;231;O.231;DEN HOOPE;OOSTE;OPIW;Y;Y;Y;Y;N;;FX;TBB;NO;;;;;37.83;33.01;389.00;0.00;0.00;937.00;0.00;2;2001-01-08;4A1;;;;2001-01-01
BEL;BEL012312001;9222089;MOD;2003-01-01;2006-03-09;231;O.231;DEN HOOPE;OOSTE;OPIW;Y;Y;Y;Y;N;;FX;TBB;NO;;;;;37.83;33.01;389.00;0.00;0.00;937.00;0.00;2;2001-01-08;MFL;;;;2001-01-01
BEL;BEL012312001;9222089;MOD;2006-03-10;2007-05-08;231;O.231;DEN HOOPE;OOSTE;OPIW;Y;Y;Y;Y;N;;FX;TBB;NO;;;;;37.83;33.01;389.00;0.00;0.00;937.00;0.00;2;2001-01-08;MFL;;;;2001-01-01
BEL;BEL012312001;9222089;MOD;2007-05-09;2011-01-24;231;O.231;DEN HOOPE;OOSTE;OPIW;Y;Y;Y;Y;N;;FX;TBB;NO;;;;;37.83;33.01;389.00;0.00;0.00;1103.00;0.00;2;2001-01-08;MFL;;;;2001-01-01
BEL;BEL012312001;9222089;MOD;2011-01-25;2011-09-05;231;O.231;DEN HOOPE;OOSTE;OPIW;Y;Y;Y;Y;N;;FX;TBB;NO;;;;;37.83;33.01;389.00;0.00;0.00;1155.00;0.00;2;2001-01-08;MFL;;;;2001-01-01
BEL;BEL012312001;9222089;MOD;2011-09-06;2011-11-17;231;O.231;DEN HOOPE;OOSTE;OPIW;Y;Y;Y;Y;N;;FX;TBB;NO;;;;;37.83;33.01;389.00;0.00;0.00;882.00;0.00;2;2001-01-08;MFL;;;;2001-01-01
BEL;BEL012312001;9222089;MOD;2011-11-18;2012-01-24;231;O.231;DEN HOOPE;OOSTE;OPIW;Y;Y;Y;Y;N;;FX;TBB;NO;;;;;37.83;33.01;389.00;0.00;0.00;1035.00;0.00;2;2001-01-08;MFL;;;;2001-01-01
BEL;BEL012312001;9222089;MOD;2012-01-25;2012-04-04;231;O.231;DEN HOOPE;OOSTE;OPIW;Y;Y;Y;Y;N;;FX;TBB;NO;;;;;37.83;33.01;389.00;0.00;0.00;1155.00;0.00;2;2001-01-08;MFL;;;;2001-01-01
BEL;BEL012312001;9222089;MOD;2012-04-05;2013-12-09;231;O.231;DEN HOOPE;OOSTE;OPIW;Y;Y;Y;Y;N;;FX;TBB;NO;;;;;37.83;33.01;389.00;0.00;0.00;1162.00;0.00;2;2001-01-08;MFL;;;;2001-01-01
BEL;BEL012312001;9222089;MOD;2013-12-10;2020-09-08;231;O.231;DEN HOOPE;OOSTE;OPIW;Y;Y;Y;Y;N;;FX;TBB;NO;;;;;37.83;33.01;389.00;0.00;0.00;1200.00;0.00;2;2001-01-08;MFL;;;;2001-01-01
BEL;BEL012312001;9222089;MOD;2020-09-09;2021-01-10;231;O.231;DEN HOOPE;OOSTE;OPIW;Y;Y;Y;Y;Y;205237000;FX;TBB;NO;;;;;37.83;33.01;389.00;0.00;0.00;1200.00;0.00;2;2001-01-08;MFL;;;;2001-01-01
BEL;BEL012312001;9222089;MOD;2021-01-11;2100-12-31;231;O.231;DEN HOOPE;BEOST;OPIW;Y;Y;Y;Y;Y;205237000;FX;TBB;NO;;;;;37.83;33.01;389.00;0.00;0.00;1200.00;0.00;2;2001-01-08;MFL;;;;2001-01-01
BEL;BEL012321966;;CEN;1989-01-01;1990-04-18;232;O.232;LUC-PETER;OOSTE;OPIX;Y;N;N;Y;N;;FX;OTB;PTB;;;;;28.00;25.25;104.00;105.75;0.00;276.00;0.00;2;1966-11-09;ZEE;;;;1966-01-01
BEL;BEL012321966;;MOD;1990-04-19;1991-12-31;232;Z.232;STORMBOY;ZEEBR;OPIX;Y;N;N;Y;N;;FX;OTB;PTB;;;;;28.00;25.25;104.00;105.75;0.00;276.00;0.00;2;1966-11-09;ZEE;;;;1966-01-01
BEL;BEL012321966;;MOD;1992-01-01;1995-01-24;232;Z.232;STORMBOY;ZEEBR;OPIX;Y;N;N;Y;N;;FX;OTB;PTB;;;;;28.00;25.25;104.00;0.00;0.00;221.00;0.00;2;1966-11-09;E13;;;;1966-01-01
BEL;BEL012741967;;CEN;1989-01-01;1991-12-31;274;O.274;LUCALI;OOSTE;OPKN;Y;N;N;Y;N;;FX;TBB;NO;;;;;28.00;25.05;110.00;121.25;0.00;221.00;0.00;2;1967-07-11;ZEE;;;;1967-01-01
BEL;BEL012741967;;MOD;1992-01-01;1994-06-05;274;O.274;LUCALI;OOSTE;OPKN;Y;N;N;Y;N;;FX;TBB;NO;;;;;28.00;25.05;110.00;0.00;0.00;221.00;0.00;2;1967-07-11;E10;;;;1967-01-01
BEL;BEL012741967;;MOD;1994-06-06;1996-12-31;274;O.274;LUCALI;OOSTE;OPKN;Y;N;N;Y;N;;FX;TBB;NO;;;;;28.00;25.05;110.00;0.00;0.00;221.00;0.00;2;1967-07-11;C10;;;;1967-01-01
BEL;BEL012741967;;MOD;1997-01-01;2000-04-20;274;O.274;LUCALI;OOSTE;OPKN;Y;N;Y;Y;N;;FX;TBB;NO;;;;;28.00;25.05;110.00;0.00;0.00;221.00;0.00;2;1967-07-11;4A1;;;;1967-01-01
BEL;BEL012741967;;MOD;2000-04-21;2002-12-31;274;O.274;LUCALI;OOSTE;OPKN;Y;N;Y;Y;N;;FX;OTB;TBB;;;;;28.00;24.31;110.00;0.00;0.00;221.00;0.00;2;1967-07-11;4A2;;;;1967-01-01
BEL;BEL012741967;;MOD;2003-01-01;2003-10-22;274;O.274;LUCALI;OOSTE;OPKN;Y;N;Y;Y;N;;FX;OTB;TBB;;;;;28.00;24.31;110.00;0.00;0.00;221.00;0.00;2;1967-07-11;MFL;;;PA;1967-01-01
BEL;BEL012751964;;CEN;1989-01-01;1991-12-31;275;O.275;DEO VOLENTE;OOSTE;OPKO;Y;N;N;Y;N;;FX;OTB;NO;;;;;27.00;14.49;0.00;100.96;0.00;243.00;0.00;2;1964-07-13;ZEE;;;;1964-01-01
BEL;BEL012751964;;MOD;1992-01-01;1992-12-14;275;O.275;DEO VOLENTE;OOSTE;OPKO;Y;N;N;Y;N;;FX;OTB;NO;;;;;27.00;14.49;0.00;100.96;0.00;243.00;0.00;2;1964-07-13;E13;;;;1964-01-01
BEL;BEL012791969;8740826;CEN;1989-01-01;1991-12-31;279;O.279;RAMBLERS;OOSTE;OPKS;Y;N;N;Y;N;;FX;OTB;NO;;;;;27.20;23.00;106.00;89.83;0.00;309.00;0.00;2;1969-05-20;ZEE;;;;1969-01-01
BEL;BEL012791969;8740826;MOD;1992-01-01;1996-12-31;279;Z.279;RAMBLERS;ZEEBR;OPKS;Y;Y;N;Y;N;;FX;OTB;NO;;;;;27.20;24.30;106.00;0.00;0.00;221.00;0.00;2;1969-05-20;E13;;;;1969-01-01
BEL;BEL012791969;8740826;MOD;1997-01-01;1997-06-04;279;Z.279;RAMBLERS;ZEEBR;OPKS;Y;Y;Y;Y;N;;FX;OTB;NO;;;;;27.20;24.30;126.00;0.00;0.00;221.00;0.00;2;1969-05-20;4A2;;;;1969-01-01
BEL;BEL012791969;8740826;MOD;1997-06-05;1999-05-20;279;Z.279;RAMBLERS;ZEEBR;OPKS;Y;Y;Y;Y;N;;FX;TBB;NO;;;;;31.18;27.37;126.00;0.00;0.00;221.00;0.00;2;1969-05-20;4A1;;;;1969-01-01
BEL;BEL012791969;8740826;MOD;1999-05-21;2002-12-31;279;Z.279;RAMBLERS;ZEEBR;OPKS;Y;Y;Y;Y;N;;FX;TBB;NO;;;;;31.18;29.00;143.00;0.00;0.00;221.00;0.00;2;1969-05-20;4A1;;;;1969-01-01
BEL;BEL012791969;8740826;MOD;2003-01-01;2006-03-19;279;Z.279;RAMBLERS;ZEEBR;OPKS;Y;Y;Y;Y;N;;FX;TBB;NO;;;;;31.18;29.00;143.00;0.00;0.00;221.00;0.00;2;1969-05-20;MFL;;;;1969-01-01
BEL;BEL012791969;8740826;MOD;2006-03-20;2006-11-08;279;Z.279;RAMBLERS;ZEEBR;OPKS;Y;Y;Y;Y;N;;FX;TBB;OTB;;;;;33.18;29.00;143.00;0.00;0.00;221.00;0.00;2;1969-05-20;MFL;;;;1969-01-01
BEL;BEL012791969;8740826;MOD;2006-11-09;2020-09-08;279;Z.279;RAMBLERS;ZEEBR;OPKS;Y;Y;Y;Y;N;;FX;TBB;OTB;;;;;33.18;29.00;143.00;0.00;0.00;221.00;0.00;2;1969-05-20;MFL;;;;1969-01-01
BEL;BEL012791969;8740826;MOD;2020-09-09;2021-01-17;279;Z.279;RAMBLERS;ZEEBR;OPKS;Y;Y;Y;Y;Y;205325000;FX;TBB;OTB;;;;;33.18;29.00;143.00;0.00;0.00;221.00;0.00;2;1969-05-20;MFL;;;;1969-01-01
BEL;BEL012791969;8740826;MOD;2021-01-18;2100-12-31;279;Z.279;RAMBLERS;BEZEE;OPKS;Y;Y;Y;Y;Y;205325000;FX;TBB;OTB;;;;;33.18;29.00;143.00;0.00;0.00;221.00;0.00;2;1969-05-20;MFL;;;;1969-01-01
BEL;BEL013031969;;CEN;1989-01-01;1990-11-13;303;O.303;GIRL LINDA;OOSTE;OPLQ;Y;N;N;Y;N;;FX;TBB;NO;;;;;27.20;14.49;0.00;89.83;0.00;313.00;0.00;2;1970-01-06;ZEE;;;;1969-01-01
BEL;BEL013061968;;CEN;1989-01-01;1991-12-31;306;O.306;CLEANER;OOSTE;OPLT;Y;N;N;Y;N;;FX;OTB;NO;;;;;27.20;14.49;101.00;98.39;0.00;276.00;0.00;2;1968-02-22;ZEE;;;;1968-01-01
BEL;BEL013061968;;MOD;1992-01-01;1995-06-28;306;O.306;CLEANER;OOSTE;OPLT;Y;N;N;Y;N;;FX;OTB;NO;;;;;27.20;24.30;101.00;0.00;0.00;276.00;0.00;2;1968-02-22;E13;;;;1968-01-01
BEL;BEL013061968;;MOD;1995-06-29;1996-12-31;306;O.306;CLEANER;OOSTE;OPLT;Y;N;N;Y;N;;FX;OTB;NO;;;;;27.34;23.58;101.00;0.00;0.00;221.00;0.00;2;1968-02-22;E13;;;;1968-01-01
BEL;BEL013061968;;MOD;1997-01-01;2002-12-31;306;O.306;CLEANER;OOSTE;OPLT;Y;N;Y;Y;N;;FX;OTB;NO;;;;;27.34;23.58;101.00;0.00;0.00;221.00;0.00;2;1968-02-22;4A2;;;;1968-01-01
BEL;BEL013061968;;MOD;2003-01-01;2003-07-28;306;O.306;CLEANER;OOSTE;OPLT;Y;N;Y;Y;N;;FX;OTB;NO;;;;;27.34;23.58;101.00;0.00;0.00;221.00;0.00;2;1968-02-22;MFL;;;;1968-01-01
BEL;BEL013091965;;CEN;1989-01-01;1991-12-31;309;O.309;J VAN MAERLANT;OOSTE;OPLW;Y;N;N;Y;N;;FX;OTB;NO;;;;;27.20;14.49;0.00;98.39;0.00;221.00;0.00;2;1965-07-01;ZEE;;;;1965-01-01
BEL;BEL013091965;;MOD;1992-01-01;1993-01-07;309;O.309;J VAN MAERLANT;OOSTE;OPLW;Y;N;N;Y;N;;FX;OTB;NO;;;;;27.20;14.49;0.00;98.39;0.00;221.00;0.00;2;1965-07-01;E13;;;;1965-01-01
BEL;BEL013161987;8615514;CEN;1989-01-01;1991-12-31;316;O.316;AEGIR;OOSTE;OPMD;Y;Y;N;Y;N;;FX;OTB;TBB;;;;;32.32;28.20;336.00;0.00;0.00;588.00;0.00;2;1987-03-25;ZEE;;;;1987-01-01
BEL;BEL013161987;8615514;MOD;1992-01-01;1996-12-31;316;O.316;AEGIR;OOSTE;OPMD;Y;Y;N;Y;N;;FX;OTB;TBB;;;;;32.32;29.20;336.00;0.00;0.00;551.00;0.00;2;1987-03-25;E13;;;;1987-01-01
BEL;BEL013161987;8615514;MOD;1997-01-01;2002-12-31;316;O.316;AEGIR;OOSTE;OPMD;Y;Y;Y;Y;N;;FX;OTB;TBB;;;;;32.32;29.20;336.00;0.00;0.00;551.00;0.00;2;1987-03-25;4A2;;;;1987-01-01
BEL;BEL013161987;8615514;MOD;2003-01-01;2006-02-19;316;O.316;AEGIR;OOSTE;OPMD;Y;Y;Y;Y;N;;FX;OTB;TBB;;;;;32.32;29.20;336.00;0.00;0.00;551.00;0.00;2;1987-03-25;MFL;;;;1987-01-01
BEL;BEL013161987;8615514;MOD;2006-02-20;2008-09-28;316;O.316;AEGIR;OOSTE;OPMD;Y;Y;Y;Y;N;;FX;OTB;NO;;;;;32.32;29.20;336.00;0.00;0.00;551.00;0.00;2;1987-03-25;MFL;;;;1987-01-01
BEL;BEL013161987;8615514;MOD;2008-09-29;2012-07-16;316;O.316;AEGIR;OOSTE;OPMD;Y;Y;Y;Y;N;;FX;OTB;NO;;;;;32.32;29.20;336.00;0.00;0.00;551.00;0.00;2;1987-03-25;MFL;;;;1987-01-01
BEL;BEL013161987;8615514;MOD;2012-07-17;2017-11-28;316;O.316;AEGIR;OOSTE;OPMD;Y;Y;Y;Y;N;;FX;OTB;NO;;;;;32.32;29.20;336.00;0.00;0.00;551.00;0.00;2;1987-03-25;MFL;;;;1987-01-01
BEL;BEL013161987;8615514;MOD;2017-11-29;2017-12-17;316;O.316;AEGIR;OOSTE;OPMD;Y;Y;Y;Y;N;;FX;OTB;NO;;;;;32.32;29.20;336.00;0.00;0.00;705.00;0.00;2;1987-03-25;MFL;;;;1987-01-01
BEL;BEL013161987;8615514;MOD;2017-12-18;2019-01-30;316;O.316;AEGIR;OOSTE;OPMD;Y;Y;Y;Y;N;;FX;OTB;NO;;;;;32.32;29.20;336.00;0.00;0.00;705.00;0.00;2;1987-03-25;MFL;;;;1987-01-01
BEL;BEL013161987;8615514;MOD;2019-01-31;2020-09-08;316;O.316;AEGIR;OOSTE;OPMD;Y;Y;Y;Y;N;;FX;OTB;NO;;;;;32.32;29.20;336.00;0.00;0.00;705.00;0.00;2;1987-03-25;MFL;;;;1987-01-01
BEL;BEL013161987;8615514;MOD;2020-09-09;2021-01-11;316;O.316;AEGIR;OOSTE;OPMD;Y;Y;Y;Y;Y;205241000;FX;OTB;NO;;;;;32.32;29.20;336.00;0.00;0.00;705.00;0.00;2;1987-03-25;MFL;;;;1987-01-01
BEL;BEL013161987;8615514;MOD;2021-01-12;2100-12-31;316;O.316;AEGIR;BEOST;OPMD;Y;Y;Y;Y;Y;205241000;FX;OTB;NO;;;;;32.32;29.20;336.00;0.00;0.00;705.00;0.00;2;1987-03-25;MFL;;;;1987-01-01
BEL;BEL013181946;;CEN;1989-01-01;1991-12-31;318;O.318;BELGIAN SAILOR;OOSTE;OPMF;Y;N;N;Y;N;;FX;OTB;NO;;;;;40.00;36.25;0.00;183.47;0.00;441.00;0.00;2;1947-03-12;YSL;;;;1946-01-01
BEL;BEL013181946;;MOD;1992-01-01;1992-06-21;318;O.318;BELGIAN SAILOR;OOSTE;OPMF;Y;N;N;Y;N;;FX;OTB;NO;;;;;40.00;36.25;0.00;183.47;0.00;441.00;0.00;2;1947-03-12;G14;;;;1946-01-01
BEL;BEL013331985;;CEN;1989-01-01;1991-12-31;333;O.333;MARCO;OOSTE;OPMU;Y;Y;N;Y;N;;FX;TBB;NO;;;;;36.01;32.00;329.00;0.00;0.00;875.00;0.00;2;1985-05-03;ZEE;;;;1985-01-01
BEL;BEL013331985;;MOD;1992-01-01;1996-12-31;333;O.333;MARCO;OOSTE;OPMU;Y;Y;Y;Y;N;;FX;TBB;NO;;;;;36.01;32.00;329.00;0.00;0.00;875.00;0.00;2;1985-05-03;E10;;;;1985-01-01
BEL;BEL013331985;;MOD;1997-01-01;2002-12-31;333;O.333;MARCO;OOSTE;OPMU;Y;Y;Y;Y;N;;FX;TBB;NO;;;;;36.01;32.00;329.00;0.00;0.00;875.00;0.00;2;1985-05-03;4A1;;;;1985-01-01
BEL;BEL013331985;;MOD;2003-01-01;2006-03-01;333;O.333;MARCO;OOSTE;OPMU;Y;Y;Y;Y;N;;FX;TBB;NO;;;;;36.01;32.00;329.00;0.00;0.00;875.00;0.00;2;1985-05-03;MFL;;;;1985-01-01
BEL;BEL013331985;;MOD;2006-03-02;2009-02-16;333;O.333;MARCO;OOSTE;OPMU;Y;Y;Y;Y;N;;FX;TBB;NO;;;;;36.01;32.11;329.00;0.00;0.00;875.00;0.00;2;1985-05-03;MFL;;;;1985-01-01
BEL;BEL013331985;;MOD;2009-02-17;2009-12-21;333;O.333;MARCO;OOSTE;OPMU;Y;Y;Y;Y;N;;FX;TBB;NO;;;;;36.01;32.11;329.00;0.00;0.00;875.00;0.00;2;1985-05-03;MFL;;;;1985-01-01
BEL;BEL013331985;;MOD;2009-12-22;2012-02-08;333;O.333;MARCO;OOSTE;OPMU;Y;Y;Y;Y;N;;FX;TBB;NO;;;;;36.01;32.11;329.00;0.00;0.00;1198.00;0.00;2;1985-05-03;MFL;;;;1985-01-01
BEL;BEL013491989;;CST;1989-01-13;1991-12-31;349;O.349;LADY;OOSTE;OPNK;Y;N;N;Y;N;;FX;OTB;TBB;;;;;16.55;14.49;68.00;0.00;0.00;221.00;0.00;2;1989-01-13;ZEE;;;;1989-01-01
BEL;BEL013491989;;MOD;1992-01-01;1996-12-31;349;O.349;WILMA;OOSTE;OPNK;Y;N;N;Y;N;;FX;OTB;TBB;;;;;16.55;14.49;68.00;0.00;0.00;221.00;0.00;2;1989-01-13;E13;;;;1989-01-01
BEL;BEL013491989;;MOD;1997-01-01;1997-11-30;349;O.349;WILMA;OOSTE;OPNK;Y;N;Y;Y;N;;FX;OTB;TBB;;;;;16.55;14.49;68.00;0.00;0.00;221.00;0.00;2;1989-01-13;4A2;;;;1989-01-01
BEL;BEL013691963;;CEN;1989-01-01;1991-12-31;369;O.369;KONINGIN DER ENGELEN;OOSTE;OPOE;Y;Y;N;Y;N;;FX;OTB;NO;;;;;27.00;23.95;98.00;90.72;0.00;313.00;0.00;2;1963-03-04;ZEE;;;;1963-01-01
BEL;BEL013691963;;MOD;1992-01-01;1995-03-09;369;O.369;KONINGIN DER ENGELEN;OOSTE;OPOE;Y;Y;N;Y;N;;FX;OTB;NO;;;;;27.00;23.95;98.00;90.72;0.00;221.00;0.00;2;1963-03-04;E13;;;;1963-01-01
BEL;BEL013691963;;MOD;1995-03-10;1996-12-31;369;O.369;KONINGIN DER ENGELEN;OOSTE;OPOE;Y;Y;N;Y;N;;FX;OTB;NO;;;;;27.00;23.95;98.00;0.00;0.00;221.00;0.00;2;1963-03-04;E13;;;;1963-01-01
BEL;BEL013691963;;MOD;1997-01-01;1998-02-20;369;O.369;KONINGIN DER ENGELEN;OOSTE;OPOE;Y;Y;Y;Y;N;;FX;OTB;NO;;;;;27.00;23.95;98.00;0.00;0.00;221.00;0.00;2;1963-03-04;4A2;;;;1963-01-01
BEL;BEL013691998;;CST;1999-01-11;2002-12-31;369;O.369;ATTILA;OOSTE;OPOE;Y;Y;N;Y;N;;FX;GNS;NO;;;;;12.66;12.54;12.00;0.00;0.00;382.00;0.00;3;1999-01-11;4A1;;;;1998-01-01
BEL;BEL013691998;;MOD;2003-01-01;2010-09-14;369;O.369;ATTILA;OOSTE;OPOE;Y;Y;N;Y;N;;FX;GNS;NO;;;;;12.66;12.54;12.00;0.00;0.00;382.00;0.00;3;1999-01-11;MFL;;;;1998-01-01
BEL;BEL013691998;;MOD;2010-09-15;2012-07-25;369;O.369;ATTILA;OOSTE;OPOE;Y;Y;N;Y;N;;FX;GNS;NO;;;;;12.66;12.65;12.00;0.00;0.00;382.00;0.00;3;1999-01-11;MFL;;;;1998-01-01
BEL;BEL014271964;;CEN;1989-01-01;1990-03-05;427;O.427;PASCAL;OOSTE;OPRA;Y;N;N;Y;N;;FX;TBB;OTB;;;;;23.00;19.60;68.00;61.08;0.00;220.00;0.00;2;1964-08-20;ZEE;;;;1964-01-01
BEL;BEL014271964;;MOD;1990-03-06;1991-12-31;427;N.427;MARJON;NIEUW;OPRA;Y;N;N;Y;N;;FX;TBB;OTB;;;;;22.35;19.60;68.00;61.08;0.00;220.00;0.00;2;1964-08-20;ZEE;;;;1964-01-01
BEL;BEL014271964;;MOD;1992-01-01;1992-12-28;427;O.427;MARJON;OOSTE;OPRA;Y;N;N;Y;N;;FX;TBB;OTB;;;;;22.35;20.05;68.00;0.00;0.00;220.00;0.00;2;1964-08-20;E10;;;;1964-01-01
BEL;BEL014271964;;MOD;1992-12-29;1996-12-31;427;O.427;MARJON;OOSTE;OPRA;Y;N;N;Y;N;;FX;TBB;OTB;;;;;22.35;20.05;68.00;0.00;0.00;220.00;0.00;2;1964-08-20;C10;;;;1964-01-01
BEL;BEL014271964;;MOD;1997-01-01;1998-09-23;427;O.427;MARJON;OOSTE;OPRA;Y;N;Y;Y;N;;FX;TBB;OTB;;;;;22.35;20.05;68.00;0.00;0.00;220.00;0.00;2;1964-08-20;4A1;;;;1964-01-01
BEL;BEL014311963;;CEN;1989-01-01;1991-03-10;431;O.431;JUDITH;OOSTE;OPRE;Y;N;N;Y;N;;FX;TBB;NO;;;;;28.00;24.00;112.00;102.68;0.00;367.00;0.00;2;1963-07-18;ZEE;;;;1963-01-01
BEL;BEL014311963;;MOD;1991-03-11;1991-12-31;431;O.431;JUDITH;OOSTE;OPRE;Y;N;N;Y;N;;FX;TBB;NO;;;;;28.00;24.00;112.00;102.68;0.00;375.00;0.00;2;1963-07-18;ZEE;;;;1963-01-01
BEL;BEL014311963;;MOD;1992-01-01;1996-12-30;431;O.431;JUDITH;OOSTE;OPRE;Y;N;N;Y;N;;FX;TBB;NO;;;;;28.00;25.25;112.00;0.00;0.00;375.00;0.00;2;1963-07-18;E10;;;;1963-01-01
BEL;BEL014551964;;CEN;1989-01-01;1991-12-31;455;O.455;ZEESYMPHONIE;OOSTE;OPSC;Y;N;N;Y;N;;FX;TBB;NO;;;;;16.50;15.76;0.00;36.20;0.00;184.00;0.00;2;1964-11-05;ZEE;;;;1964-01-01
BEL;BEL014551964;;MOD;1992-01-01;1996-04-10;455;O.455;ZEESYMPHONIE;OOSTE;OPSC;Y;N;N;Y;N;;FX;TBB;NO;;;;;16.50;15.76;0.00;36.20;0.00;184.00;0.00;2;1964-11-05;E10;;;;1964-01-01
BEL;BEL014551964;;MOD;1996-04-11;1996-12-31;455;O.455;ZEESYMPHONIE;OOSTE;OPSC;Y;N;N;Y;N;;FX;TBB;NO;;;;;18.66;15.76;34.00;0.00;0.00;184.00;0.00;2;1964-11-05;E10;;;;1964-01-01
BEL;BEL014551964;;MOD;1997-01-01;1999-12-27;455;O.455;ZEESYMPHONIE;OOSTE;OPSC;Y;N;Y;Y;N;;FX;TBB;NO;;;;;18.66;15.76;34.00;0.00;0.00;184.00;0.00;2;1964-11-05;4A1;;;;1964-01-01
BEL;BEL014551964;;MOD;1999-12-28;2000-07-17;455;Z.455;DIKKOP;ZEEBR;OPSC;Y;N;Y;Y;N;;FX;TBB;OTB;;;;;18.66;15.76;34.00;0.00;0.00;184.00;0.00;2;1964-11-05;4A1;;;;1964-01-01
BEL;BEL014681956;;CEN;1989-01-01;1991-12-31;468;O.468;ARAN;OOSTE;OPSP;Y;N;N;Y;N;;FX;TBB;PTB;;;;;18.70;15.95;0.00;39.97;0.00;132.00;0.00;1;1957-03-13;ZEE;;;;1956-01-01
BEL;BEL014681956;;MOD;1992-01-01;1993-12-30;468;O.468;ARAN;OOSTE;OPSP;Y;N;N;Y;N;;FX;TBB;PTB;;;;;18.70;15.95;0.00;39.97;0.00;132.00;0.00;1;1957-03-13;C10;;;;1956-01-01
BEL;BEL014811960;;CEN;1989-01-01;1991-12-31;481;O.481;BI-SI-TI;OOSTE;OPTC;Y;N;N;Y;N;;FX;TBB;NO;;;;;17.00;13.75;0.00;28.23;0.00;165.00;0.00;1;1960-07-13;ZEE;;;;1960-01-01
BEL;BEL014811960;;MOD;1992-01-01;1995-01-22;481;O.481;BI-SI-TI;OOSTE;OPTC;Y;N;N;Y;N;;FX;TBB;NO;;;;;17.00;13.75;0.00;28.23;0.00;165.00;0.00;1;1960-07-13;E10;;;;1960-01-01
BEL;BEL014941967;;CEN;1989-01-01;1991-12-31;494;O.494;LUCKY STAR;OOSTE;OPTP;Y;N;N;Y;N;;FX;TBB;PTB;;;;;17.00;14.65;40.00;29.30;0.00;176.00;0.00;2;1967-08-18;ZEE;;;;1967-01-01
BEL;BEL014941967;;MOD;1992-01-01;1992-12-14;494;Z.494;LUCKY STAR;ZEEBR;OPTP;Y;N;N;Y;N;;FX;TBB;PTB;;;;;17.00;14.65;40.00;0.00;0.00;176.00;0.00;2;1967-08-18;E10;;;;1967-01-01
BEL;BEL014941967;;MOD;1992-12-15;1996-12-31;494;Z.494;LUCKY STAR;ZEEBR;OPTP;Y;N;N;Y;N;;FX;TBB;PTB;;;;;17.00;14.65;40.00;0.00;0.00;176.00;0.00;2;1967-08-18;C10;;;;1967-01-01
BEL;BEL014941967;;MOD;1997-01-01;1997-10-21;494;Z.494;LUCKY STAR;ZEEBR;OPTP;Y;N;Y;Y;N;;FX;TBB;PTB;;;;;17.00;14.65;40.00;0.00;0.00;176.00;0.00;2;1967-08-18;4A1;;;;1967-01-01
BEL;BEL014941967;;MOD;1997-10-22;1999-11-30;494;Z.494;LUCKY STAR;ZEEBR;OPTP;Y;N;Y;Y;N;;FX;TBB;PTB;;;;;17.00;14.88;40.00;0.00;0.00;176.00;0.00;2;1967-08-18;4A1;;;;1967-01-01
BEL;BEL014991968;;CEN;1989-01-01;1991-12-31;499;O.499;COUDEKERCKE;OOSTE;OPTU;Y;N;N;Y;N;;FX;TBB;NO;;;;;27.70;24.55;0.00;120.65;0.00;368.00;0.00;2;1968-05-07;ZEE;;;;1968-01-01
BEL;BEL014991968;;MOD;1992-01-01;1993-12-27;499;O.499;COUDEKERCKE;OOSTE;OPTU;Y;N;N;Y;N;;FX;TBB;NO;;;;;27.70;24.55;0.00;120.65;0.00;368.00;0.00;2;1968-05-07;E10;;;;1968-01-01
BEL;BEL015001963;;CEN;1989-01-01;1990-02-19;500;O.500;DE HOOP;OOSTE;OPTV;Y;N;N;Y;N;;FX;TBB;NO;;;;;22.60;19.67;0.00;69.85;0.00;215.00;0.00;2;1964-01-29;ZEE;;;;1963-01-01
BEL;BEL015001963;;MOD;1990-02-20;1991-12-31;500;O.500;VIKING;OOSTE;OPTV;Y;N;N;Y;N;;FX;TBB;NO;;;;;22.60;19.67;0.00;69.85;0.00;215.00;0.00;2;1964-01-29;ZEE;;;;1963-01-01
BEL;BEL015001963;;MOD;1992-01-01;1992-06-03;500;O.500;VIKING;OOSTE;OPTV;Y;N;N;Y;N;;FX;TBB;NO;;;;;22.60;19.67;0.00;69.85;0.00;215.00;0.00;2;1964-01-29;C10;;;;1963-01-01
BEL;BEL015181969;;CEN;1989-01-01;1990-12-20;518;O.518;CUTTY SARK;OOSTE;OPUN;Y;N;N;Y;N;;MO;TBB;NO;;;;;28.12;24.80;136.00;125.24;0.00;390.00;0.00;2;1969-05-05;ZEE;;;;1969-01-01
BEL;BEL015181969;;MOD;1990-12-21;1991-12-31;518;O.518;LA FAROUCHE;OOSTE;OPUN;Y;N;N;Y;N;;MO;TBB;NO;;;;;28.12;24.80;136.00;0.00;0.00;390.00;0.00;2;1969-05-05;ZEE;;;;1969-01-01
BEL;BEL015181969;;MOD;1992-01-01;1996-12-31;518;O.518;LA FAROUCHE;OOSTE;OPUN;Y;N;N;Y;N;;MO;TBB;NO;;;;;28.12;24.80;136.00;0.00;0.00;390.00;0.00;2;1969-05-05;E10;;;;1969-01-01
BEL;BEL015181969;;MOD;1997-01-01;1998-06-24;518;O.518;LA FAROUCHE;OOSTE;OPUN;Y;N;Y;Y;N;;MO;TBB;NO;;;;;28.12;24.80;136.00;0.00;0.00;390.00;0.00;2;1969-05-05;4A1;;;;1969-01-01
BEL;BEL015201964;;CEN;1989-01-01;1991-12-31;520;O.520;MANUELA;OOSTE;OPUP;Y;N;N;Y;N;;FX;TBB;OTB;;;;;17.00;14.55;0.00;29.98;0.00;129.00;0.00;2;1964-09-04;ZEE;;;;1964-01-01
BEL;BEL015201964;;MOD;1992-01-01;1992-12-29;520;O.520;MANUELA;OOSTE;OPUP;Y;N;N;Y;N;;FX;TBB;OTB;;;;;17.00;14.55;0.00;29.98;0.00;129.00;0.00;2;1964-09-04;C10;;;;1964-01-01
BEL;BEL015331965;;CEN;1989-01-01;1991-12-31;533;O.533;VIRTUS;OOSTE;OPVC;Y;Y;N;Y;N;;FX;TBB;NO;;;;;21.00;18.04;58.00;57.18;0.00;147.00;0.00;2;1965-08-14;ZEE;;;;1965-01-01
BEL;BEL015331965;;MOD;1992-01-01;1996-12-31;533;O.533;VIRTUS;OOSTE;OPVC;Y;Y;N;Y;N;;FX;TBB;NO;;;;;21.00;18.04;58.00;57.18;0.00;147.00;0.00;2;1965-08-14;E10;;;;1965-01-01
BEL;BEL015331965;;MOD;1997-01-01;1997-12-11;533;O.533;VIRTUS;OOSTE;OPVC;Y;Y;Y;Y;N;;FX;TBB;NO;;;;;21.00;18.04;58.00;57.18;0.00;147.00;0.00;2;1965-08-14;4A1;;;;1965-01-01
BEL;BEL015331965;;MOD;1997-12-12;2002-12-31;533;O.533;VIRTUS;OOSTE;OPVC;Y;Y;Y;Y;N;;FX;TBB;OTB;;;;;21.00;18.04;58.00;0.00;0.00;147.00;0.00;2;1965-08-14;4A1;;;;1965-01-01
BEL;BEL015331965;;MOD;2003-01-01;2004-12-09;533;O.533;VIRTUS;OOSTE;OPVC;Y;Y;Y;Y;N;;FX;TBB;OTB;;;;;21.00;18.04;58.00;0.00;0.00;147.00;0.00;2;1965-08-14;MFL;;;;1965-01-01
BEL;BEL015521954;;CEN;1989-01-01;1991-12-31;552;O.552;MARATHON;OOSTE;OPVV;Y;N;N;Y;N;;FX;TBB;NO;;;;;17.53;15.53;0.00;39.68;0.00;99.00;0.00;2;1954-10-26;ZEE;;;;1954-01-01
BEL;BEL015521954;;MOD;1992-01-01;1992-06-18;552;O.552;MARATHON;OOSTE;OPVV;Y;N;N;Y;N;;FX;TBB;NO;;;;;17.53;15.53;0.00;39.68;0.00;99.00;0.00;2;1954-10-26;C10;;;;1954-01-01
BEL;BEL015542000;8740814;CST;2001-02-07;2002-12-31;554;O.554;GODELIEVE;OOSTE;OPVX;Y;Y;Y;Y;N;;FX;GNS;NO;;;;;21.53;19.14;133.00;0.00;0.00;302.00;0.00;3;2001-02-07;4A1;;;;2000-01-01
BEL;BEL015542000;8740814;MOD;2003-01-01;2007-10-28;554;O.554;GODELIEVE;OOSTE;OPVX;Y;Y;Y;Y;N;;FX;GNS;NO;;;;;21.53;19.14;133.00;0.00;0.00;302.00;0.00;3;2001-02-07;MFL;;;;2000-01-01
BEL;BEL015542000;8740814;MOD;2007-10-29;2011-11-23;554;O.554;GODELIEVE;OOSTE;OPVX;Y;Y;Y;Y;N;;FX;GNS;NO;;;;;21.53;19.14;133.00;0.00;0.00;450.00;0.00;3;2001-02-07;MFL;;;;2000-01-01
BEL;BEL015542000;8740814;MOD;2011-11-24;2012-01-24;554;O.554;GODELIEVE;OOSTE;OPVX;Y;Y;Y;Y;N;;FX;GNS;NO;;;;;21.53;19.14;133.00;0.00;0.00;450.00;0.00;3;2001-02-07;MFL;;;;2000-01-01
BEL;BEL015542000;8740814;MOD;2012-01-25;2016-07-25;554;O.554;GODELIEVE;OOSTE;OPVX;Y;Y;Y;Y;N;;FX;GNS;GTR;;;;;21.53;19.14;133.00;0.00;0.00;598.00;0.00;3;2001-02-07;MFL;;;;2000-01-01
BEL;BEL015542000;8740814;MOD;2016-07-26;2016-11-07;554;O.554;GODELIEVE;OOSTE;OPVX;Y;Y;Y;Y;N;;FX;GNS;GTR;;;;;21.53;19.14;133.00;0.00;0.00;819.00;0.00;3;2001-02-07;MFL;;;;2000-01-01
BEL;BEL015542000;8740814;MOD;2016-11-08;2017-03-21;554;O.554;GODELIEVE;OOSTE;OPVX;Y;Y;Y;Y;N;;FX;GNS;GTR;;;;;21.53;19.14;133.00;0.00;0.00;819.00;0.00;3;2001-02-07;MFL;;;;2000-01-01
BEL;BEL015542000;8740814;MOD;2017-03-22;2017-11-27;554;O.554;GODELIEVE;OOSTE;OPVX;Y;Y;Y;Y;N;;FX;GNS;GTR;;;;;21.53;19.14;133.00;0.00;0.00;1026.00;0.00;3;2001-02-07;MFL;;;;2000-01-01
BEL;BEL017051971;;CEN;1989-01-01;1991-12-31;705;O.705;MORNING STAR;OOSTE;OQCE;Y;N;N;Y;N;;FX;OTB;TBB;;;;;27.20;24.30;101.00;98.92;0.00;343.00;0.00;2;1971-06-30;ZEE;;;;1971-01-01
BEL;BEL017051971;;MOD;1992-01-01;1996-12-31;705;O.705;MORNING STAR;OOSTE;OQCE;Y;N;N;Y;N;;FX;OTB;TBB;;;;;27.20;24.30;101.00;0.00;0.00;221.00;0.00;2;1971-06-30;E13;;;;1971-01-01
BEL;BEL017051971;;MOD;1997-01-01;1999-10-10;705;O.705;MORNING STAR;OOSTE;OQCE;Y;N;Y;Y;N;;FX;OTB;TBB;;;;;27.20;24.30;101.00;0.00;0.00;221.00;0.00;2;1971-06-30;4A2;;;;1971-01-01
BEL;BEL020651986;8340652;CEN;1989-01-01;1991-12-31;065;B.65;ARTEVELDE;BLANK;OPCM;Y;Y;N;Y;N;;FX;TBB;NO;;;;;23.82;21.31;69.00;0.00;0.00;221.00;0.00;2;1986-09-01;ZEE;;;;1986-01-01
BEL;BEL020651986;8340652;MOD;1992-01-01;1996-12-31;065;B.65;ARTEVELDE;BLANK;OPCM;Y;Y;N;Y;N;;FX;TBB;NO;;;;;23.82;21.31;69.00;0.00;0.00;221.00;0.00;2;1986-09-01;E10;;;;1986-01-01
BEL;BEL020651986;8340652;MOD;1997-01-01;1998-03-10;065;B.65;ARTEVELDE;BLANK;OPCM;Y;Y;Y;Y;N;;FX;TBB;NO;;;;;23.82;21.31;69.00;0.00;0.00;221.00;0.00;2;1986-09-01;4A1;;;;1986-01-01
BEL;BEL020651986;8340652;MOD;1998-03-11;2002-12-31;065;B.65;ARTEVELDE;BLANK;OPCM;Y;Y;Y;Y;N;;FX;TBB;NO;;;;;23.82;21.31;69.00;0.00;0.00;221.00;0.00;2;1986-09-01;4A1;;;;1986-01-01
BEL;BEL020651986;8340652;MOD;2003-01-01;2006-02-05;065;B.65;ARTEVELDE;BLANK;OPCM;Y;Y;Y;Y;N;;FX;TBB;NO;;;;;23.82;21.31;69.00;0.00;0.00;221.00;0.00;2;1986-09-01;MFL;;;;1986-01-01
BEL;BEL020651986;8340652;MOD;2006-02-06;2009-11-11;065;B.65;ARTEVELDE;BLANK;OPCM;Y;Y;Y;Y;N;;FX;TBB;OTB;;;;;23.82;21.31;69.00;0.00;0.00;221.00;0.00;2;1986-09-01;MFL;;;;1986-01-01
BEL;BEL020651986;8340652;MOD;2009-11-12;2014-10-21;065;B.65;ARTEVELDE;BLANK;OPCM;Y;Y;Y;Y;N;;FX;TBB;OTB;;;;;23.82;21.31;69.00;0.00;0.00;221.00;0.00;2;1986-09-01;MFL;;;;1986-01-01
BEL;BEL020651986;8340652;MOD;2014-10-22;2020-01-19;065;B.65;ARTEVELDE;BLANK;OPCM;Y;Y;Y;Y;N;;FX;TBB;DRB;;;;;23.82;21.31;69.00;0.00;0.00;221.00;0.00;2;1986-09-01;MFL;;;;1986-01-01
BEL;BEL020651986;8340652;MOD;2020-01-20;2020-04-29;065;B.65;ARTEVELDE;BLANK;OPCM;Y;Y;Y;Y;N;;FX;TBB;DRB;;;;;23.82;21.31;69.00;0.00;0.00;221.00;0.00;2;1986-09-01;MFL;;;;1986-01-01
BEL;BEL020651986;8340652;MOD;2020-04-30;2020-09-08;065;B.65;ARTEVELDE;BLANK;OPCM;Y;Y;Y;Y;N;;FX;TBB;DRB;;;;;23.82;21.31;69.00;0.00;0.00;221.00;0.00;2;1986-09-01;MFL;;;;1986-01-01
BEL;BEL020651986;8340652;MOD;2020-09-09;2021-01-10;065;B.65;ARTEVELDE;BLANK;OPCM;Y;Y;Y;Y;Y;205265000;FX;TBB;DRB;;;;;23.82;21.31;69.00;0.00;0.00;221.00;0.00;2;1986-09-01;MFL;;;;1986-01-01
BEL;BEL020651986;8340652;MOD;2021-01-11;2021-03-21;065;B.65;ARTEVELDE;BEBBG;OPCM;Y;Y;Y;Y;Y;205265000;FX;TBB;DRB;;;;;23.82;21.31;69.00;0.00;0.00;221.00;0.00;2;1986-09-01;MFL;;;;1986-01-01
BEL;BEL020651986;8340652;MOD;2021-03-22;2021-04-07;065;B.65;ARTEVELDE;BEBBG;OPCM;Y;Y;Y;Y;Y;205265000;FX;TBB;DRB;;;;;23.82;21.31;69.00;0.00;0.00;221.00;0.00;2;1986-09-01;MFL;;;;1986-01-01
BEL;BEL020651986;8340652;MOD;2021-04-08;2100-12-31;065;B.65;ARTEVELDE;BEBBG;OPCM;Y;Y;Y;Y;Y;205265000;FX;TBB;DRB;;;;;23.82;21.31;69.00;0.00;0.00;221.00;0.00;2;1986-09-01;MFL;;;;1986-01-01
BEL;BEL021811965;;CEN;1989-01-01;1989-09-24;181;B.181;MAYFLOWER;BLANK;OPGY;Y;N;N;Y;N;;FX;OTB;NO;;;;;29.73;26.16;129.00;129.70;0.00;316.00;0.00;2;1965-12-21;ZEE;;;;1965-01-01
BEL;BEL021811965;;MOD;1989-09-25;1991-12-31;181;Z.181;ZEEMEEUW;ZEEBR;OPGY;Y;N;N;Y;N;;FX;OTB;NO;;;;;29.73;26.16;129.00;129.70;0.00;316.00;0.00;2;1965-12-21;ZEE;;;;1965-01-01
BEL;BEL021811965;;MOD;1992-01-01;1993-12-29;181;Z.181;ZEEMEEUW;ZEEBR;OPGY;Y;N;N;Y;N;;FX;OTB;NO;;;;;29.73;26.16;129.00;0.00;0.00;316.00;0.00;2;1965-12-21;E13;;;;1965-01-01
BEL;BEL024622000;8740802;CST;2000-05-30;2002-12-31;462;B.462;VIDAR;BLANK;OPSJ;Y;Y;Y;Y;N;;DB;TBB;NO;;;;;37.81;32.98;385.00;0.00;0.00;957.00;0.00;2;2000-05-30;4A1;;;;2000-01-01
BEL;BEL024622000;8740802;MOD;2003-01-01;2004-02-26;462;B.462;VIDAR;BLANK;OPSJ;Y;Y;Y;Y;N;;DB;TBB;NO;;;;;37.81;32.98;385.00;0.00;0.00;957.00;0.00;2;2000-05-30;MFL;;;;2000-01-01
BEL;BEL024622000;8740802;MOD;2004-02-27;2006-07-06;462;B.462;VIDAR;BLANK;OPSJ;Y;Y;Y;Y;N;;DB;TBB;NO;;;;;37.81;32.98;385.00;0.00;0.00;957.00;0.00;2;2000-05-30;MFL;;;;2000-01-01
BEL;BEL024622000;8740802;MOD;2006-07-07;2007-11-15;462;B.462;VIDAR;BLANK;OPSJ;Y;Y;Y;Y;N;;DB;TBB;NO;;;;;37.81;32.98;385.00;0.00;0.00;1176.00;0.00;2;2000-05-30;MFL;;;;2000-01-01
BEL;BEL024622000;8740802;MOD;2007-11-16;2013-11-03;462;B.462;VIDAR;BLANK;OPSJ;Y;Y;Y;Y;N;;DB;TBB;NO;;;;;37.81;32.98;385.00;0.00;0.00;1200.00;0.00;2;2000-05-30;MFL;;;;2000-01-01
BEL;BEL024622000;8740802;MOD;2013-11-04;2015-08-23;462;B.462;WILLIAM OF LADRAM;BLANK;OPSJ;Y;Y;Y;Y;N;;DB;DRB;NO;;;;;37.81;32.98;385.00;0.00;0.00;1181.00;0.00;2;2000-05-30;MFL;;;;2000-01-01
BEL;BEL024622000;8740802;MOD;2015-08-24;2018-11-25;462;B.462;FLOWING STREAM;BLANK;OPSJ;Y;Y;Y;Y;N;;DB;DRB;NO;;;;;37.81;32.98;385.00;0.00;0.00;1181.00;0.00;2;2000-05-30;MFL;;;;2000-01-01
BEL;BEL024622000;8740802;MOD;2018-11-26;2018-11-27;462;B.462;FLOWING STREAM;BLANK;OPSJ;Y;Y;Y;Y;N;;DB;DRB;NO;;;;;37.81;32.98;385.00;0.00;0.00;1181.00;0.00;2;2000-05-30;MFL;;;;2000-01-01
BEL;BEL025181998;8740797;CST;1998-06-26;1999-12-13;518;B.518;DRAKKAR;BLANK;OPUN;Y;Y;Y;Y;N;;MO;TBB;NO;;;;;37.81;32.98;384.00;0.00;0.00;882.00;0.00;2;1998-06-26;4A1;;;;1998-01-01
BEL;BEL025181998;8740797;MOD;1999-12-14;2002-12-31;518;B.518;DRAKKAR;BLANK;OPUN;Y;Y;Y;Y;N;;MO;TBB;NO;;;;;37.81;32.98;384.00;0.00;0.00;957.00;0.00;2;1998-06-26;4A1;;;;1998-01-01
BEL;BEL025181998;8740797;MOD;2003-01-01;2007-02-20;518;B.518;DRAKKAR;BLANK;OPUN;Y;Y;Y;Y;N;;MO;TBB;NO;;;;;37.81;32.98;384.00;0.00;0.00;957.00;0.00;2;1998-06-26;MFL;;;;1998-01-01
BEL;BEL025181998;8740797;MOD;2007-02-21;2007-12-10;518;B.518;DRAKKAR;BLANK;OPUN;Y;Y;Y;Y;N;;MO;TBB;NO;;;;;37.81;32.98;384.00;0.00;0.00;957.00;0.00;2;1998-06-26;MFL;;;;1998-01-01
BEL;BEL025181998;8740797;MOD;2007-12-11;2008-06-03;518;B.518;DRAKKAR;BLANK;OPUN;Y;Y;Y;Y;N;;MO;TBB;NO;;;;;37.81;32.98;384.00;0.00;0.00;1200.00;0.00;2;1998-06-26;MFL;;;;1998-01-01
BEL;BEL025181998;8740797;MOD;2008-06-04;2015-11-05;518;B.518;DRAKKAR;BLANK;OPUN;Y;Y;Y;Y;N;;MO;TBB;NO;;;;;37.81;32.98;384.00;0.00;0.00;1200.00;0.00;2;1998-06-26;MFL;;;;1998-01-01
BEL;BEL025181998;8740797;MOD;2015-11-06;2018-02-25;518;B.518;DRAKKAR;BLANK;OPUN;Y;Y;Y;Y;N;;MO;TBB;NO;;;;;37.81;32.98;384.00;0.00;0.00;1200.00;0.00;2;1998-06-26;MFL;;;;1998-01-01
BEL;BEL026011962;;CEN;1989-01-01;1991-08-05;601;B.601;VAN MAERLANT;BLANK;OPYA;Y;Y;N;Y;N;;FX;TBB;PTB;;;;;17.00;14.35;0.00;28.93;0.00;99.00;0.00;1;1962-07-16;ZEE;;;;1962-01-01
BEL;BEL026011991;8341917;CST;1991-08-07;1991-12-31;601;B.601;VAN MAERLANT;BLANK;OPYA;Y;Y;N;Y;N;;FX;TBB;NO;;;;;22.94;20.18;84.00;0.00;0.00;221.00;0.00;2;1991-08-07;ZEE;;;;1991-01-01
BEL;BEL026011991;8341917;MOD;1992-01-01;1996-12-31;601;B.601;VAN MAERLANT;BLANK;OPYA;Y;Y;N;Y;N;;FX;TBB;NO;;;;;22.94;20.18;84.00;0.00;0.00;221.00;0.00;2;1991-08-07;E10;;;;1991-01-01
BEL;BEL026011991;8341917;MOD;1997-01-01;2002-12-31;601;B.601;VAN MAERLANT;BLANK;OPYA;Y;Y;Y;Y;N;;FX;TBB;NO;;;;;22.94;20.18;84.00;0.00;0.00;221.00;0.00;2;1991-08-07;4A1;;;;1991-01-01
BEL;BEL026011991;8341917;MOD;2003-01-01;2008-03-10;601;B.601;VAN MAERLANT;BLANK;OPYA;Y;Y;Y;Y;N;;FX;TBB;NO;;;;;22.94;20.18;84.00;0.00;0.00;221.00;0.00;2;1991-08-07;MFL;;;;1991-01-01
BEL;BEL026011991;8341917;MOD;2008-03-11;2017-05-14;601;B.601;VAN MAERLANT;BLANK;OPYA;Y;Y;Y;Y;N;;FX;TBB;NO;;;;;22.94;20.18;84.00;0.00;0.00;221.00;0.00;2;1991-08-07;MFL;;;;1991-01-01
BEL;BEL026011991;8341917;MOD;2017-05-15;2020-09-08;601;B.601;VAN MAERLANT;BLANK;OPYA;Y;Y;Y;Y;N;;FX;TBB;NO;;;;;22.94;20.18;84.00;0.00;0.00;221.00;0.00;2;1991-08-07;MFL;;;;1991-01-01
BEL;BEL026011991;8341917;MOD;2020-09-09;2021-01-12;601;B.601;VAN MAERLANT;BLANK;OPYA;Y;Y;Y;Y;Y;205261000;FX;TBB;NO;;;;;22.94;20.18;84.00;0.00;0.00;221.00;0.00;2;1991-08-07;MFL;;;;1991-01-01
BEL;BEL026011991;8341917;MOD;2021-01-13;2100-12-31;601;B.601;VAN MAERLANT;BEBBG;OPYA;Y;Y;Y;Y;Y;205261000;FX;TBB;NO;;;;;22.94;20.18;84.00;0.00;0.00;221.00;0.00;2;1991-08-07;MFL;;;;1991-01-01
BEL;BEL030051957;;CEN;1989-01-01;1990-01-14;005;Z.5;DRAKKAR;ZEEBR;OPAE;Y;N;N;Y;N;;FX;TBB;NO;;;;;39.00;34.00;0.00;210.76;0.00;662.00;0.00;2;1957-07-01;ZEE;;;;1957-01-01
BEL;BEL030051957;;MOD;1990-01-15;1991-08-29;005;Z.5;DRAKKAR;ZEEBR;OPAE;Y;N;N;Y;N;;FX;TBB;NO;;;;;39.00;34.00;0.00;210.87;0.00;662.00;0.00;2;1957-07-01;ZEE;;;;1957-01-01
BEL;BEL030121966;;CEN;1989-01-01;1991-12-31;012;Z.12;SABRINA;ZEEBR;OPAL;Y;N;N;Y;N;;FX;TBB;NO;;;;;20.80;17.65;50.00;49.96;0.00;210.00;0.00;2;1966-07-01;ZEE;;;;1966-01-01
BEL;BEL030121966;;MOD;1992-01-01;1995-02-16;012;Z.12;SABRINA;ZEEBR;OPAL;Y;N;N;Y;N;;FX;TBB;NO;;;;;20.80;17.65;50.00;49.96;0.00;210.00;0.00;2;1966-07-01;E10;;;;1966-01-01
BEL;BEL030121966;;MOD;1995-02-17;1996-12-31;012;N.12;ARTHUR;NIEUW;OPAL;Y;N;N;Y;N;;FX;TBB;NO;;;;;20.80;17.65;50.00;0.00;0.00;210.00;0.00;2;1966-07-01;E10;;;;1966-01-01
BEL;BEL030121966;;MOD;1997-01-01;1997-09-10;012;N.12;ARTHUR;NIEUW;OPAL;Y;N;Y;Y;N;;FX;TBB;NO;;;;;20.80;17.65;50.00;0.00;0.00;210.00;0.00;2;1966-07-01;4A1;;;;1966-01-01
BEL;BEL030141973;7936765;CEN;1989-01-01;1990-12-10;014;Z.14;BRANDON STAR;ZEEBR;OPAN;Y;N;N;Y;N;;FX;TBB;NO;;;;;29.00;25.55;175.00;175.37;0.00;662.00;0.00;2;1974-01-08;ZEE;;;;1973-01-01
BEL;BEL030141973;7936765;MOD;1990-12-11;1991-12-31;014;Z.14;BRANDON STAR;ZEEBR;OPAN;Y;N;N;Y;N;;FX;TBB;NO;;;;;29.00;25.55;175.00;0.00;0.00;662.00;0.00;2;1974-01-08;ZEE;;;;1973-01-01
BEL;BEL030141973;7936765;MOD;1992-01-01;1996-06-27;014;N.14;BOUDEWIJN;NIEUW;OPAN;Y;N;N;Y;N;;FX;TBB;NO;;;;;29.00;25.76;175.00;0.00;0.00;662.00;0.00;2;1974-01-08;E10;;;;1973-01-01
BEL;BEL030141973;7936765;MOD;1996-06-28;1996-12-31;014;O.14;DE ZEEMEEUW;OOSTE;OPAN;Y;Y;N;Y;N;;FX;TBB;NO;;;;;29.00;25.94;175.00;0.00;0.00;662.00;0.00;2;1974-01-08;E10;;;;1973-01-01
BEL;BEL030141973;7936765;MOD;1997-01-01;1998-10-21;014;O.14;DE ZEEMEEUW;OOSTE;OPAN;Y;Y;Y;Y;N;;FX;TBB;NO;;;;;29.00;25.94;175.00;0.00;0.00;662.00;0.00;2;1974-01-08;4A1;;;;1973-01-01
BEL;BEL030141973;7936765;MOD;1998-10-22;2002-12-31;014;O.14;DE ZEEMEEUW;OOSTE;OPAN;Y;Y;Y;Y;N;;FX;TBB;NO;;;;;29.00;25.94;210.00;0.00;0.00;662.00;0.00;2;1974-01-08;4A1;;;;1973-01-01
BEL;BEL030141973;7936765;MOD;2003-01-01;2008-07-24;014;O.14;DE ZEEMEEUW;OOSTE;OPAN;Y;Y;Y;Y;N;;FX;TBB;NO;;;;;29.00;25.94;210.00;0.00;0.00;662.00;0.00;2;1974-01-08;MFL;;;;1973-01-01
BEL;BEL030141973;7936765;MOD;2008-07-25;2013-10-02;014;O.14;DE ZEEMEEUW;OOSTE;OPAN;Y;Y;Y;Y;N;;FX;TBB;DRB;;;;;29.00;25.94;210.00;0.00;0.00;662.00;0.00;2;1974-01-08;MFL;;;;1973-01-01
BEL;BEL030141973;7936765;MOD;2013-10-03;2013-12-08;014;O.14;DE ZEEMEEUW;OOSTE;OPAN;Y;Y;Y;Y;N;;FX;TBB;NO;;;;;29.00;25.94;210.00;0.00;0.00;662.00;0.00;2;1974-01-08;MFL;;;;1973-01-01
BEL;BEL030151975;7936777;CEN;1989-01-01;1991-12-31;015;Z.15;STEPHANIE;ZEEBR;OPAO;Y;N;N;Y;N;;FX;TBB;NO;;;;;34.80;30.78;236.00;224.37;0.00;882.00;0.00;2;1975-04-22;ZEE;;;;1975-01-01
BEL;BEL030151975;7936777;MOD;1992-01-01;1995-09-18;015;Z.15;STEPHANIE;ZEEBR;OPAO;Y;N;N;Y;N;;FX;TBB;NO;;;;;34.80;31.95;236.00;0.00;0.00;882.00;0.00;2;1975-04-22;E10;;;;1975-01-01
BEL;BEL030151975;7936777;MOD;1995-09-19;1996-12-31;015;O.15;ZILVERMEEUW;OOSTE;OPAO;Y;Y;N;Y;N;;FX;TBB;OTB;;;;;34.80;31.03;236.00;0.00;0.00;882.00;0.00;2;1975-04-22;E10;;;;1975-01-01
BEL;BEL030151975;7936777;MOD;1997-01-01;1999-04-15;015;O.15;ZILVERMEEUW;OOSTE;OPAO;Y;Y;Y;Y;N;;FX;TBB;OTB;;;;;34.80;31.03;236.00;0.00;0.00;882.00;0.00;2;1975-04-22;4A1;;;;1975-01-01
BEL;BEL030151975;7936777;MOD;1999-04-16;2002-12-31;015;O.15;ZILVERMEEUW;OOSTE;OPAO;Y;Y;Y;Y;N;;FX;TBB;OTB;;;;;34.80;31.03;236.00;0.00;0.00;883.00;0.00;2;1975-04-22;4A1;;;;1975-01-01
BEL;BEL030151975;7936777;MOD;2003-01-01;2004-01-25;015;O.15;ZILVERMEEUW;OOSTE;OPAO;Y;Y;Y;Y;N;;FX;TBB;OTB;;;;;34.80;31.03;236.00;0.00;0.00;883.00;0.00;2;1975-04-22;MFL;;;;1975-01-01
BEL;BEL030151975;7936777;MOD;2004-01-26;2006-06-29;015;O.15;ZILVERMEEUW;OOSTE;OPAO;Y;Y;Y;Y;N;;FX;TBB;OTB;;;;;34.80;31.03;236.00;0.00;0.00;952.00;0.00;2;1975-04-22;MFL;;;;1975-01-01
BEL;BEL030151975;7936777;MOD;2006-06-30;2017-01-22;015;O.15;ZILVERMEEUW;OOSTE;OPAO;Y;Y;Y;Y;N;;FX;TBB;OTB;;;;;34.80;31.03;236.00;0.00;0.00;1200.00;0.00;2;1975-04-22;MFL;;;;1975-01-01
BEL;BEL030151975;7936777;MOD;2017-01-23;2020-07-06;015;Z.15;ZILVERMEEUW;ZEEBR;OPAO;Y;Y;Y;Y;N;;FX;TBB;OTB;;;;;34.80;31.03;236.00;0.00;0.00;1200.00;0.00;2;1975-04-22;MFL;;;;1975-01-01
BEL;BEL030151975;7936777;MOD;2020-07-07;2020-09-08;084;Z.84;CALYPSO;ZEEBR;OPAO;Y;Y;Y;Y;N;;FX;TBB;OTB;;;;;34.80;31.03;236.00;0.00;0.00;1200.00;0.00;2;1975-04-22;MFL;;;;1975-01-01
BEL;BEL030151975;7936777;MOD;2020-09-09;2020-12-02;084;Z.84;CALYPSO;ZEEBR;OPAO;Y;Y;Y;Y;Y;205262000;FX;TBB;OTB;;;;;34.80;31.03;236.00;0.00;0.00;1200.00;0.00;2;1975-04-22;MFL;;;;1975-01-01
BEL;BEL030151975;7936777;MOD;2020-12-03;2021-01-11;084;Z.84;CALYPSO;ZEEBR;OPAO;Y;Y;Y;Y;Y;205289000;FX;TBB;OTB;;;;;34.80;31.03;236.00;0.00;0.00;1200.00;0.00;2;1975-04-22;MFL;;;;1975-01-01
BEL;BEL030151975;7936777;MOD;2021-01-12;2100-12-31;084;Z.84;CALYPSO;BEZEE;OPAO;Y;Y;Y;Y;Y;205289000;FX;TBB;OTB;;;;;34.80;31.03;236.00;0.00;0.00;1200.00;0.00;2;1975-04-22;MFL;;;;1975-01-01
BEL;BEL030161973;;CEN;1989-01-01;1989-11-05;016;Z.16;KON-TIKI II;ZEEBR;OPAP;Y;Y;N;Y;N;;FX;TBB;NO;;;;;31.10;27.30;198.00;190.46;0.00;662.00;0.00;2;1974-03-07;ZEE;;;;1973-01-01
BEL;BEL030161973;;MOD;1989-11-06;1991-01-27;016;Z.16;KON-TIKI II;ZEEBR;OPAP;Y;Y;N;Y;N;;FX;TBB;NO;;;;;31.10;27.30;198.00;189.36;0.00;662.00;0.00;2;1974-03-07;ZEE;;;;1973-01-01
BEL;BEL030161973;;MOD;1991-01-28;1991-12-31;016;Z.16;KON-TIKI II;ZEEBR;OPAP;Y;Y;N;Y;N;;FX;TBB;NO;;;;;31.50;27.42;198.00;0.00;0.00;662.00;0.00;2;1974-03-07;ZEE;;;;1973-01-01
BEL;BEL030161973;;MOD;1992-01-01;1996-12-31;016;Z.16;KON-TIKI II;ZEEBR;OPAP;Y;Y;Y;Y;N;;FX;TBB;NO;;;;;31.50;27.42;198.00;0.00;0.00;662.00;0.00;2;1974-03-07;E10;;;;1973-01-01
BEL;BEL030161973;;MOD;1997-01-01;2002-12-31;016;Z.16;KON-TIKI II;ZEEBR;OPAP;Y;Y;Y;Y;N;;FX;TBB;NO;;;;;31.50;27.42;198.00;0.00;0.00;662.00;0.00;2;1974-03-07;4A1;;;;1973-01-01
BEL;BEL030161973;;MOD;2003-01-01;2008-11-13;016;Z.16;KON-TIKI II;ZEEBR;OPAP;Y;Y;Y;Y;N;;FX;TBB;NO;;;;;31.50;27.42;198.00;0.00;0.00;662.00;0.00;2;1974-03-07;MFL;;;;1973-01-01
BEL;BEL030161973;;MOD;2008-11-14;2009-07-30;016;Z.16;KON-TIKI II;ZEEBR;OPAP;Y;Y;Y;Y;N;;FX;TBB;NO;;;;;31.50;27.42;198.00;0.00;0.00;936.00;0.00;2;1974-03-07;MFL;;;;1973-01-01
BEL;BEL030182000;9222065;CST;2000-09-13;2002-12-31;018;Z.18;SOETKIN;ZEEBR;OPAR;Y;Y;Y;Y;N;;FX;TBB;OTB;;;;;37.79;33.01;386.00;0.00;0.00;882.00;0.00;2;2000-09-13;4A1;;;;2000-01-01
BEL;BEL030182000;9222065;MOD;2003-01-01;2006-07-06;018;Z.18;SOETKIN;ZEEBR;OPAR;Y;Y;Y;Y;N;;FX;TBB;OTB;;;;;37.79;33.01;386.00;0.00;0.00;882.00;0.00;2;2000-09-13;MFL;;;;2000-01-01
BEL;BEL030182000;9222065;MOD;2006-07-07;2012-01-24;018;Z.18;SOETKIN;ZEEBR;OPAR;Y;Y;Y;Y;N;;FX;TBB;OTB;;;;;37.79;33.01;386.00;0.00;0.00;1176.00;0.00;2;2000-09-13;MFL;;;;2000-01-01
BEL;BEL030182000;9222065;MOD;2012-01-25;2012-06-24;018;Z.18;SOETKIN;ZEEBR;OPAR;Y;Y;Y;Y;N;;FX;TBB;OTB;;;;;37.79;33.01;386.00;0.00;0.00;1200.00;0.00;2;2000-09-13;MFL;;;;2000-01-01
BEL;BEL030182000;9222065;MOD;2012-06-25;2016-07-12;018;Z.18;SOETKIN;ZEEBR;OPAR;Y;Y;Y;Y;N;;FX;TBB;OTB;;;;;37.79;33.01;386.00;0.00;0.00;1200.00;0.00;2;2000-09-13;MFL;;;;2000-01-01
BEL;BEL030182000;9222065;MOD;2016-07-13;2018-12-09;018;Z.18;SOETKIN;ZEEBR;OPAR;Y;Y;Y;Y;N;;FX;TBB;OTB;;;;;37.79;33.01;386.00;0.00;0.00;1200.00;0.00;2;2000-09-13;MFL;;;;2000-01-01
BEL;BEL030182000;9222065;MOD;2018-12-10;2020-09-08;018;Z.18;SOETKIN;ZEEBR;OPAR;Y;Y;Y;Y;N;;FX;TBB;OTB;;;;;37.79;33.01;386.00;0.00;0.00;1200.00;0.00;2;2000-09-13;MFL;;;;2000-01-01
BEL;BEL030182000;9222065;MOD;2020-09-09;2021-01-10;018;Z.18;SOETKIN;ZEEBR;OPAR;Y;Y;Y;Y;Y;205306000;FX;TBB;OTB;;;;;37.79;33.01;386.00;0.00;0.00;1200.00;0.00;2;2000-09-13;MFL;;;;2000-01-01
BEL;BEL030182000;9222065;MOD;2021-01-11;2100-12-31;018;Z.18;SOETKIN;BEZEE;OPAR;Y;Y;Y;Y;Y;205306000;FX;TBB;OTB;;;;;37.79;33.01;386.00;0.00;0.00;1200.00;0.00;2;2000-09-13;MFL;;;;2000-01-01
BEL;BEL030191974;7524627;CEN;1989-01-01;1991-12-31;019;Z.19;SONJA;ZEEBR;OPAS;Y;Y;N;Y;N;;FX;TBB;NO;;;;;30.70;26.90;159.00;147.56;0.00;515.00;0.00;2;1974-01-31;ZEE;;;;1974-01-01
BEL;BEL030191974;7524627;MOD;1992-01-01;1996-12-31;019;Z.19;SONJA;ZEEBR;OPAS;Y;Y;N;Y;N;;FX;TBB;NO;;;;;30.70;26.90;159.00;0.00;0.00;515.00;0.00;2;1974-01-31;E10;;;;1974-01-01
BEL;BEL030191974;7524627;MOD;1997-01-01;1999-04-29;019;Z.19;SONJA;ZEEBR;OPAS;Y;Y;Y;Y;N;;FX;TBB;NO;;;;;30.70;26.90;159.00;0.00;0.00;515.00;0.00;2;1974-01-31;4A1;;;;1974-01-01
BEL;BEL030191974;7524627;MOD;1999-04-30;2002-12-31;019;Z.19;SONJA;ZEEBR;OPAS;Y;Y;Y;Y;N;;FX;TBB;NO;;;;;30.70;26.76;159.00;0.00;0.00;515.00;0.00;2;1974-01-31;4A1;;;;1974-01-01
BEL;BEL030191974;7524627;MOD;2003-01-01;2006-03-09;019;Z.19;SONJA;ZEEBR;OPAS;Y;Y;Y;Y;N;;FX;TBB;NO;;;;;30.70;26.76;159.00;0.00;0.00;515.00;0.00;2;1974-01-31;MFL;;;;1974-01-01
BEL;BEL030191974;7524627;MOD;2006-03-10;2008-11-13;019;Z.19;SONJA;ZEEBR;OPAS;Y;Y;Y;Y;N;;FX;TBB;OTB;;;;;30.70;26.76;159.00;0.00;0.00;515.00;0.00;2;1974-01-31;MFL;;;;1974-01-01
BEL;BEL030191974;7524627;MOD;2008-11-14;2012-10-02;019;Z.19;SONJA;ZEEBR;OPAS;Y;Y;Y;Y;N;;FX;TBB;OTB;;;;;30.70;26.76;159.00;0.00;0.00;789.00;0.00;2;1974-01-31;MFL;;;;1974-01-01
BEL;BEL030191974;7524627;MOD;2012-10-03;2015-07-14;019;Z.19;SONJA;ZEEBR;OPAS;Y;Y;Y;Y;N;;FX;TBB;OTB;;;;;30.70;26.76;159.00;0.00;0.00;631.00;0.00;2;1974-01-31;MFL;;;;1974-01-01
BEL;BEL030191974;7524627;MOD;2015-07-15;2020-06-30;019;Z.19;SONJA;ZEEBR;OPAS;Y;Y;Y;Y;N;;FX;TBB;OTB;;;;;30.70;26.76;159.00;0.00;0.00;852.00;0.00;2;1974-01-31;MFL;;;;1974-01-01
BEL;BEL030191974;7524627;MOD;2020-07-01;2020-09-09;019;Z.19;SONJA;ZEEBR;OPAS;Y;Y;Y;Y;N;;FX;TBB;OTB;;;;;30.70;26.76;159.00;0.00;0.00;902.00;0.00;2;1974-01-31;MFL;;;;1974-01-01
BEL;BEL030191974;7524627;MOD;2020-09-10;2021-01-11;019;Z.19;SONJA;ZEEBR;OPAS;Y;Y;Y;Y;Y;205239000;FX;TBB;OTB;;;;;30.70;26.76;159.00;0.00;0.00;902.00;0.00;2;1974-01-31;MFL;;;;1974-01-01
BEL;BEL030191974;7524627;MOD;2021-01-12;2100-12-31;019;Z.19;SONJA;BEZEE;OPAS;Y;Y;Y;Y;Y;205239000;FX;TBB;OTB;;;;;30.70;26.76;159.00;0.00;0.00;902.00;0.00;2;1974-01-31;MFL;;;;1974-01-01
BEL;BEL030192021;9898668;CST;2021-04-07;2100-12-31;019;Z.19;BRIGITTE;BEZEE;OPAS;Y;Y;Y;Y;Y;205096000;FX;TBB;OTB;;;;;34.00;32.00;326.00;0.00;0.00;750.00;0.00;2;;MFL;;;;2021-01-01
BEL;BEL030261963;;CEN;1989-01-01;1991-12-31;026;Z.26;DE PAREL;ZEEBR;OPAZ;Y;N;N;Y;N;;FX;OTB;NO;;;;;27.75;24.30;0.00;117.00;0.00;331.00;0.00;2;1964-02-06;ZEE;;;;1963-01-01
BEL;BEL030261963;;MOD;1992-01-01;1993-12-30;026;Z.26;DE PAREL;ZEEBR;OPAZ;Y;N;N;Y;N;;FX;OTB;NO;;;;;27.75;25.23;0.00;117.00;0.00;331.00;0.00;2;1964-02-06;E13;;;;1963-01-01
BEL;BEL030271974;;CEN;1989-01-01;1991-12-31;027;Z.27;MERCURIUS;ZEEBR;OPBA;Y;N;N;Y;N;;FX;TBB;NO;;;;;33.50;28.75;218.00;199.46;0.00;684.00;0.00;2;1974-12-06;ZEE;;;;1974-01-01
BEL;BEL030271974;;MOD;1992-01-01;1996-08-28;027;Z.27;MERCURIUS;ZEEBR;OPBA;Y;N;N;Y;N;;FX;TBB;NO;;;;;33.50;29.22;218.00;0.00;0.00;684.00;0.00;2;1974-12-06;E10;;;;1974-01-01
BEL;BEL030271974;;MOD;1996-08-29;1996-12-31;027;Z.27;FREE BIRD;ZEEBR;OPBA;Y;N;N;Y;N;;FX;TBB;NO;;;;;33.50;29.22;218.00;0.00;0.00;684.00;0.00;2;1974-12-06;E10;;;;1974-01-01
BEL;BEL030271974;;MOD;1997-01-01;1999-07-25;027;Z.27;FREE BIRD;ZEEBR;OPBA;Y;N;Y;Y;N;;FX;TBB;NO;;;;;33.50;29.22;218.00;0.00;0.00;684.00;0.00;2;1974-12-06;4A1;;;;1974-01-01
BEL;BEL030271974;;MOD;1999-07-26;2001-11-22;027;Z.27;FREE BIRD;ZEEBR;OPBA;Y;N;Y;Y;N;;FX;TBB;OTB;;;;;37.02;32.74;254.00;0.00;0.00;684.00;0.00;2;1974-12-06;4A1;;;;1974-01-01
BEL;BEL030301972;;CEN;1989-01-01;1990-01-31;030;Z.30;WESTHINDER;ZEEBR;OPBD;Y;N;N;Y;N;;FX;TBB;NO;;;;;30.70;26.10;140.00;143.25;0.00;441.00;0.00;2;1973-01-09;ZEE;;;;1972-01-01
BEL;BEL030301972;;MOD;1990-02-01;1991-12-31;030;Z.30;EOS;ZEEBR;OPBD;Y;N;N;Y;N;;FX;TBB;NO;;;;;30.70;26.10;140.00;143.25;0.00;441.00;0.00;2;1973-01-09;ZEE;;;;1972-01-01
BEL;BEL030301972;;MOD;1992-01-01;1996-11-17;030;Z.30;EOS;ZEEBR;OPBD;Y;N;N;Y;N;;FX;TBB;NO;;;;;30.70;26.90;140.00;0.00;0.00;441.00;0.00;2;1973-01-09;E10;;;;1972-01-01
BEL;BEL030341988;;CEN;1989-01-01;1991-12-31;034;Z.34;NORTHERN-SKY;ZEEBR;OPBH;Y;N;N;Y;N;;TO;TBB;NO;;;;;20.04;16.99;68.00;0.00;0.00;221.00;0.00;2;1988-11-28;ZEE;;;;1988-01-01
BEL;BEL030341988;;MOD;1992-01-01;1996-12-31;034;Z.34;NORTHERN-SKY;ZEEBR;OPBH;Y;N;N;Y;N;;TO;TBB;NO;;;;;20.04;16.99;68.00;0.00;0.00;221.00;0.00;2;1988-11-28;E10;;;;1988-01-01
BEL;BEL030341988;;MOD;1997-01-01;1998-12-02;034;Z.34;NORTHERN-SKY;ZEEBR;OPBH;Y;N;Y;Y;N;;TO;TBB;NO;;;;;20.04;16.99;68.00;0.00;0.00;221.00;0.00;2;1988-11-28;4A1;;;;1988-01-01
BEL;BEL030341988;;MOD;1998-12-03;2002-12-31;034;N.34;NORTHERN-SKY;NIEUW;OPBH;Y;Y;Y;Y;N;;TO;TBB;OTB;;;;;20.04;16.99;68.00;0.00;0.00;221.00;0.00;2;1988-11-28;4A1;;;;1988-01-01
BEL;BEL030341988;;MOD;2003-01-01;2004-09-12;034;N.34;NORTHERN-SKY;NIEUW;OPBH;Y;Y;Y;Y;N;;TO;TBB;OTB;;;;;20.04;16.99;68.00;0.00;0.00;221.00;0.00;2;1988-11-28;MFL;;;;1988-01-01
BEL;BEL030351997;9097068;CST;1997-09-08;2000-02-07;035;Z.35;ORA ET LABORA;ZEEBR;OPBI;Y;Y;Y;Y;N;;FX;TBB;NO;;;;;37.79;32.98;383.00;0.00;0.00;882.00;0.00;2;1997-09-08;4A1;;;;1997-01-01
BEL;BEL030351997;9097068;MOD;2000-02-08;2000-05-04;035;Z.35;ORA ET LABORA;ZEEBR;OPBI;Y;Y;Y;Y;N;;FX;TBB;NO;;;;;37.79;32.98;383.00;0.00;0.00;957.00;0.00;2;1997-09-08;4A1;;;;1997-01-01
BEL;BEL030351997;9097068;MOD;2000-05-05;2002-12-31;035;Z.35;ORA ET LABORA;ZEEBR;OPBI;Y;Y;Y;Y;N;;FX;TBB;OTB;;;;;38.22;32.98;384.00;0.00;0.00;957.00;0.00;2;1997-09-08;4A1;;;;1997-01-01
BEL;BEL030351997;9097068;MOD;2003-01-01;2006-10-26;035;Z.35;ORA ET LABORA;ZEEBR;OPBI;Y;Y;Y;Y;N;;FX;TBB;OTB;;;;;38.22;32.98;384.00;0.00;0.00;957.00;0.00;2;1997-09-08;MFL;;;;1997-01-01
BEL;BEL030351997;9097068;MOD;2006-10-27;2007-10-28;035;Z.35;ORA ET LABORA;ZEEBR;OPBI;Y;Y;Y;Y;N;;FX;TBB;OTB;;;;;38.22;32.98;384.00;0.00;0.00;1070.00;0.00;2;1997-09-08;MFL;;;;1997-01-01
BEL;BEL030351997;9097068;MOD;2007-10-29;2008-10-15;035;Z.35;ORA ET LABORA;ZEEBR;OPBI;Y;Y;Y;Y;N;;FX;TBB;OTB;;;;;38.22;32.98;384.00;0.00;0.00;1181.00;0.00;2;1997-09-08;MFL;;;;1997-01-01
BEL;BEL030351997;9097068;MOD;2008-10-16;2011-08-03;035;Z.35;ORA ET LABORA;ZEEBR;OPBI;Y;Y;Y;Y;N;;FX;TBB;OTB;;;;;38.22;32.98;384.00;0.00;0.00;1200.00;0.00;2;1997-09-08;MFL;;;;1997-01-01
BEL;BEL030351997;9097068;MOD;2011-08-04;2017-05-14;035;Z.35;ORA ET LABORA;ZEEBR;OPBI;Y;Y;Y;Y;N;;FX;SSC;OTB;;;;;38.22;32.98;384.00;0.00;0.00;1200.00;0.00;2;1997-09-08;MFL;;;;1997-01-01
BEL;BEL030351997;9097068;MOD;2017-05-15;2020-09-08;035;Z.35;ORA ET LABORA;ZEEBR;OPBI;Y;Y;Y;Y;N;;FX;SSC;OTB;;;;;38.22;32.98;384.00;0.00;0.00;1200.00;0.00;2;1997-09-08;MFL;;;;1997-01-01
BEL;BEL030351997;9097068;MOD;2020-09-09;2020-10-19;035;Z.35;ORA ET LABORA;ZEEBR;OPBI;Y;Y;Y;Y;Y;205240000;FX;SSC;OTB;;;;;38.22;32.98;384.00;0.00;0.00;1200.00;0.00;2;1997-09-08;MFL;;;;1997-01-01
BEL;BEL030351997;9097068;MOD;2020-10-20;2021-01-11;035;Z.35;ORA ET LABORA;ZEEBR;OPBI;Y;Y;Y;Y;Y;205240000;FX;SSC;OTB;;;;;38.22;32.98;384.00;0.00;0.00;1200.00;0.00;2;1997-09-08;MFL;;;;1997-01-01
BEL;BEL030351997;9097068;MOD;2021-01-12;2100-12-31;035;Z.35;ORA ET LABORA;BEZEE;OPBI;Y;Y;Y;Y;Y;205240000;FX;SSC;OTB;;;;;38.22;32.98;384.00;0.00;0.00;1200.00;0.00;2;1997-09-08;MFL;;;;1997-01-01
BEL;BEL030371986;;CEN;1989-01-01;1991-12-31;037;Z.37;ORCA;ZEEBR;OPBK;Y;N;N;Y;N;;FX;TBB;NO;;;;;24.55;20.24;69.00;0.00;0.00;220.00;0.00;2;1986-08-19;ZEE;;;;1986-01-01
BEL;BEL030371986;;MOD;1992-01-01;1994-12-21;037;Z.37;ORCA;ZEEBR;OPBK;Y;N;N;Y;N;;FX;TBB;NO;;;;;24.55;21.31;69.00;0.00;0.00;220.00;0.00;2;1986-08-19;C10;;;;1986-01-01
BEL;BEL030381986;8412326;CEN;1989-01-01;1991-12-31;038;Z.38;MANTA;ZEEBR;OPBL;Y;N;N;Y;N;;TU;TBB;NO;;;;;24.55;20.24;69.00;0.00;0.00;220.00;0.00;2;1986-08-19;ZEE;;;;1986-01-01
BEL;BEL030381986;8412326;MOD;1992-01-01;1994-12-21;038;Z.38;MANTA;ZEEBR;OPBL;Y;N;N;Y;N;;TU;TBB;NO;;;;;24.55;21.31;69.00;0.00;0.00;220.00;0.00;2;1986-08-19;C10;;;;1986-01-01
BEL;BEL030391982;8333568;CEN;1989-01-01;1991-12-31;039;Z.39;ZUIDERZEE;ZEEBR;OPBM;Y;Y;N;Y;N;;FX;TBB;NO;;;;;32.50;29.00;247.00;223.62;0.00;772.00;0.00;2;1982-04-05;ZEE;;;;1982-01-01
BEL;BEL030391982;8333568;MOD;1992-01-01;1994-11-30;039;Z.39;ZUIDERZEE;ZEEBR;OPBM;Y;Y;N;Y;N;;FX;TBB;NO;;;;;32.50;29.22;247.00;0.00;0.00;772.00;0.00;2;1982-04-05;E10;;;;1982-01-01
BEL;BEL030391982;8333568;MOD;1994-12-01;1996-12-31;039;Z.39;ZUIDERZEE;ZEEBR;OPBM;Y;Y;N;Y;N;;FX;TBB;NO;;;;;32.50;29.22;247.00;0.00;0.00;750.00;0.00;2;1982-04-05;E10;;;;1982-01-01
BEL;BEL030391982;8333568;MOD;1997-01-01;1997-09-28;039;Z.39;ZUIDERZEE;ZEEBR;OPBM;Y;Y;Y;Y;N;;FX;TBB;NO;;;;;32.50;29.22;247.00;0.00;0.00;750.00;0.00;2;1982-04-05;4A1;;;;1982-01-01
BEL;BEL030391982;8333568;MOD;1997-09-29;2002-12-31;039;Z.39;ZUIDERZEE;ZEEBR;OPBM;Y;Y;Y;Y;N;;FX;TBB;NO;;;;;32.50;29.22;251.00;0.00;0.00;750.00;0.00;2;1982-04-05;4A1;;;;1982-01-01
BEL;BEL030391982;8333568;MOD;2003-01-01;2004-08-04;039;Z.39;ZUIDERZEE;ZEEBR;OPBM;Y;Y;Y;Y;N;;FX;TBB;NO;;;;;32.50;29.22;251.00;0.00;0.00;750.00;0.00;2;1982-04-05;MFL;;;;1982-01-01
BEL;BEL030391982;8333568;MOD;2004-08-05;2006-02-28;039;Z.39;ZUIDERZEE;ZEEBR;OPBM;Y;Y;Y;Y;N;;FX;TBB;NO;;;;;32.50;29.22;251.00;0.00;0.00;750.00;0.00;2;1982-04-05;MFL;;;;1982-01-01
BEL;BEL030391982;8333568;MOD;2006-03-01;2006-08-28;039;Z.39;ZUIDERZEE;ZEEBR;OPBM;Y;Y;Y;Y;N;;FX;TBB;OTB;;;;;32.50;29.22;251.00;0.00;0.00;750.00;0.00;2;1982-04-05;MFL;;;;1982-01-01
BEL;BEL030391982;8333568;MOD;2006-08-29;2007-10-03;039;Z.39;ZUIDERZEE;ZEEBR;OPBM;Y;Y;Y;Y;N;;FX;TBB;OTB;;;;;32.50;29.22;251.00;0.00;0.00;883.00;0.00;2;1982-04-05;MFL;;;;1982-01-01
BEL;BEL030391982;8333568;MOD;2007-10-04;2008-04-01;039;Z.39;ZUIDERZEE;ZEEBR;OPBM;Y;Y;Y;Y;N;;FX;TBB;OTB;;;;;32.50;29.22;251.00;0.00;0.00;883.00;0.00;2;1982-04-05;MFL;;;;1982-01-01
BEL;BEL030391982;8333568;MOD;2008-04-02;2010-09-09;039;Z.39;ZUIDERZEE;ZEEBR;OPBM;Y;Y;Y;Y;N;;FX;TBB;OTB;;;;;32.50;29.22;251.00;0.00;0.00;883.00;0.00;2;1982-04-05;MFL;;;;1982-01-01
BEL;BEL030391982;8333568;MOD;2010-09-10;2015-11-29;039;Z.39;ZUIDERZEE;ZEEBR;OPBM;Y;Y;Y;Y;N;;FX;TBB;OTB;;;;;32.50;29.22;251.00;0.00;0.00;706.00;0.00;2;1982-04-05;MFL;;;EI;1982-01-01
BEL;BEL030391982;8333568;MOD;2015-11-30;2020-09-08;039;Z.39;ZUIDERZEE;ZEEBR;OPBM;Y;Y;Y;Y;N;;FX;TBB;OTB;;;;;32.50;29.22;251.00;0.00;0.00;1163.00;0.00;2;1982-04-05;MFL;;;;1982-01-01
BEL;BEL030391982;8333568;MOD;2020-09-09;2021-01-10;039;Z.39;ZUIDERZEE;ZEEBR;OPBM;Y;Y;Y;Y;Y;205149000;FX;TBB;OTB;;;;;32.50;29.22;251.00;0.00;0.00;1163.00;0.00;2;1982-04-05;MFL;;;;1982-01-01
BEL;BEL030391982;8333568;MOD;2021-01-11;2100-12-31;039;Z.39;ZUIDERZEE;BEZEE;OPBM;Y;Y;Y;Y;Y;205149000;FX;TBB;OTB;;;;;32.50;29.22;251.00;0.00;0.00;1163.00;0.00;2;1982-04-05;MFL;;;;1982-01-01
BEL;BEL030411973;;CEN;1989-01-01;1991-12-31;041;Z.41;PIETERJAN;ZEEBR;OPBO;Y;Y;N;Y;N;;FX;OTB;NO;;;;;25.58;24.30;0.00;103.68;0.00;276.00;0.00;2;1974-01-08;ZEE;;;;1973-01-01
BEL;BEL030411973;;MOD;1992-01-01;1992-08-20;041;Z.41;TORNADO;ZEEBR;OPBO;Y;Y;N;Y;N;;FX;OTB;NO;;;;;25.58;23.52;0.00;103.68;0.00;276.00;0.00;2;1974-01-08;E13;;;;1973-01-01
BEL;BEL030411973;;MOD;1992-08-21;1993-09-02;041;Z.41;TORNADO;ZEEBR;OPBO;Y;Y;N;Y;N;;FX;OTB;NO;;;;;25.58;23.52;0.00;103.68;0.00;221.00;0.00;2;1974-01-08;E13;;;;1973-01-01
BEL;BEL030411973;;MOD;1993-09-03;1996-12-31;041;Z.41;TORNADO;ZEEBR;OPBO;Y;Y;N;Y;N;;FX;OTB;NO;;;;;25.75;23.35;102.00;0.00;0.00;221.00;0.00;2;1974-01-08;E13;;;;1973-01-01
BEL;BEL030411973;;MOD;1997-01-01;2002-12-31;041;Z.41;TORNADO;ZEEBR;OPBO;Y;Y;Y;Y;N;;FX;OTB;NO;;;;;25.75;23.35;102.00;0.00;0.00;221.00;0.00;2;1974-01-08;4A2;;;;1973-01-01
BEL;BEL030411973;;MOD;2003-01-01;2005-10-18;041;Z.41;TORNADO;ZEEBR;OPBO;Y;Y;Y;Y;N;;FX;OTB;NO;;;;;25.75;23.35;102.00;0.00;0.00;221.00;0.00;2;1974-01-08;MFL;;;;1973-01-01
BEL;BEL030431980;;CEN;1989-01-01;1991-12-31;043;Z.43;PANDORA;ZEEBR;OPBQ;Y;N;N;Y;N;;FX;TBB;NO;;;;;27.78;24.30;0.00;157.96;0.00;551.00;0.00;2;1980-10-02;ZEE;;;;1980-01-01
BEL;BEL030431980;;MOD;1992-01-01;1996-12-30;043;Z.43;PANDORA;ZEEBR;OPBQ;Y;N;N;Y;N;;FX;TBB;NO;;;;;27.78;24.30;0.00;157.96;0.00;551.00;0.00;2;1980-10-02;E10;;;;1980-01-01
BEL;BEL030441980;;CEN;1989-01-01;1991-12-31;044;Z.44;DE CAINE;ZEEBR;OPBR;Y;N;N;Y;N;;FX;TBB;NO;;;;;27.78;24.30;0.00;157.96;0.00;551.00;0.00;2;1980-02-29;ZEE;;;;1980-01-01
BEL;BEL030441980;;MOD;1992-01-01;1993-12-29;044;Z.44;DE CAINE;ZEEBR;OPBR;Y;N;N;Y;N;;FX;TBB;NO;;;;;27.78;24.60;0.00;157.96;0.00;551.00;0.00;2;1980-02-29;E10;;;;1980-01-01
BEL;BEL030451996;9141534;CST;1996-07-10;1996-12-31;045;Z.45;STEPHANIE;ZEEBR;OPBS;Y;Y;N;Y;N;;FX;TBB;NO;;;;;37.78;32.98;388.00;0.00;0.00;882.00;0.00;2;1996-07-09;E10;;;;1996-01-01
BEL;BEL030451996;9141534;MOD;1997-01-01;2002-12-31;045;Z.45;STEPHANIE;ZEEBR;OPBS;Y;Y;Y;Y;N;;FX;TBB;NO;;;;;37.78;32.98;388.00;0.00;0.00;882.00;0.00;2;1996-07-09;4A1;;;;1996-01-01
BEL;BEL030451996;9141534;MOD;2003-01-01;2003-08-28;045;Z.45;STEPHANIE;ZEEBR;OPBS;Y;Y;Y;Y;N;;FX;TBB;NO;;;;;37.78;32.98;388.00;0.00;0.00;882.00;0.00;2;1996-07-09;MFL;;;;1996-01-01
BEL;BEL030451996;9141534;MOD;2003-08-29;2007-12-10;045;Z.45;STEPHANIE;ZEEBR;OPBS;Y;Y;Y;Y;N;;FX;TBB;NO;;;;;37.78;32.98;388.00;0.00;0.00;957.00;0.00;2;1996-07-09;MFL;;;;1996-01-01
BEL;BEL030451996;9141534;MOD;2007-12-11;2012-05-31;045;Z.45;STEPHANIE;ZEEBR;OPBS;Y;Y;Y;Y;N;;FX;TBB;NO;;;;;37.78;32.98;388.00;0.00;0.00;1200.00;0.00;2;1996-07-09;MFL;;;;1996-01-01
BEL;BEL030451996;9141534;MOD;2012-06-01;2014-06-02;045;Z.45;STEPHANIE;ZEEBR;OPBS;Y;Y;Y;Y;N;;FX;TBB;NO;;;;;37.78;32.98;388.00;0.00;0.00;1181.00;0.00;2;1996-07-09;MFL;;;;1996-01-01
BEL;BEL030451996;9141534;MOD;2014-06-03;2014-11-16;045;Z.45;STEPHANIE;ZEEBR;OPBS;Y;Y;Y;Y;N;;FX;TBB;NO;;;;;37.78;32.98;388.00;0.00;0.00;1200.00;0.00;2;1996-07-09;MFL;;;;1996-01-01
BEL;BEL030451996;9141534;MOD;2014-11-17;2016-11-07;045;Z.45;STEPHANIE;ZEEBR;OPBS;Y;Y;Y;Y;N;;FX;TBB;NO;;;;;37.78;32.98;388.00;0.00;0.00;1200.00;0.00;2;1996-07-09;MFL;;;;1996-01-01
BEL;BEL030451996;9141534;MOD;2016-11-08;2020-06-17;045;Z.45;STEPHANIE;ZEEBR;OPBS;Y;Y;Y;Y;N;;FX;TBB;NO;;;;;37.78;32.98;388.00;0.00;0.00;1200.00;0.00;2;1996-07-09;MFL;;;;1996-01-01
BEL;BEL030451996;9141534;MOD;2020-06-18;2020-09-08;045;Z.45;JERKI;ZEEBR;OPBS;Y;Y;Y;Y;N;;FX;TBB;NO;;;;;37.78;32.98;388.00;0.00;0.00;1200.00;0.00;2;1996-07-09;MFL;;;;1996-01-01
BEL;BEL030451996;9141534;MOD;2020-09-09;2021-01-13;045;Z.45;JERKI;ZEEBR;OPBS;Y;Y;Y;Y;Y;205227000;FX;TBB;NO;;;;;37.78;32.98;388.00;0.00;0.00;1200.00;0.00;2;1996-07-09;MFL;;;;1996-01-01
BEL;BEL030451996;9141534;MOD;2021-01-14;2100-12-31;045;Z.45;JERKI;BEZEE;OPBS;Y;Y;Y;Y;Y;205227000;FX;TBB;NO;;;;;37.78;32.98;388.00;0.00;0.00;1200.00;0.00;2;1996-07-09;MFL;;;;1996-01-01
BEL;BEL030461983;;CEN;1989-01-01;1991-12-31;046;Z.46;NEPTUNUS;ZEEBR;OPBT;Y;Y;N;Y;N;;FX;TBB;NO;;;;;34.90;30.25;273.00;0.00;0.00;882.00;0.00;2;1983-02-04;ZEE;;;;1983-01-01
BEL;BEL030461983;;MOD;1992-01-01;1996-12-31;046;Z.46;NEPTUNUS;ZEEBR;OPBT;Y;Y;Y;Y;N;;FX;TBB;NO;;;;;34.90;30.25;273.00;0.00;0.00;882.00;0.00;2;1983-02-04;E10;;;;1983-01-01
BEL;BEL030461983;;MOD;1997-01-01;1998-07-08;046;Z.46;NEPTUNUS;ZEEBR;OPBT;Y;Y;Y;Y;N;;FX;TBB;NO;;;;;34.90;30.25;273.00;0.00;0.00;882.00;0.00;2;1983-02-04;4A1;;;;1983-01-01
BEL;BEL030461983;;MOD;1998-07-09;1999-12-20;046;Z.46;NEPTUNUS;ZEEBR;OPBT;Y;Y;Y;Y;N;;FX;TBB;NO;;;;;34.90;30.87;273.00;0.00;0.00;883.00;0.00;2;1983-02-04;4A1;;;;1983-01-01
BEL;BEL030461983;;MOD;1999-12-21;2002-12-31;046;Z.46;NEPTUNUS;ZEEBR;OPBT;Y;Y;Y;Y;N;;FX;TBB;NO;;;;;34.90;30.87;273.00;0.00;0.00;957.00;0.00;2;1983-02-04;4A1;;;;1983-01-01
BEL;BEL030461983;;MOD;2003-01-01;2004-09-15;046;Z.46;NEPTUNUS;ZEEBR;OPBT;Y;Y;Y;Y;N;;FX;TBB;NO;;;;;34.90;30.87;273.00;0.00;0.00;957.00;0.00;2;1983-02-04;MFL;;;;1983-01-01
BEL;BEL030461983;;MOD;2004-09-16;2009-07-30;046;Z.46;NEPTUNUS;ZEEBR;OPBT;Y;Y;Y;Y;N;;FX;TBB;NO;;;;;34.90;30.87;273.00;0.00;0.00;957.00;0.00;2;1983-02-04;MFL;;;;1983-01-01
BEL;BEL030471980;7902441;CEN;1989-01-01;1991-12-31;047;Z.47;SATURNUS;ZEEBR;OPBU;Y;Y;N;Y;N;;TO;TBB;NO;;;;;27.89;24.30;0.00;158.49;0.00;596.00;0.00;2;1980-08-13;ZEE;;;;1980-01-01
BEL;BEL030471980;7902441;MOD;1992-01-01;1992-05-06;047;Z.47;SATURNUS;ZEEBR;OPBU;Y;Y;N;Y;N;;TO;TBB;NO;;;;;27.89;24.30;0.00;158.49;0.00;596.00;0.00;2;1980-08-13;E10;;;;1980-01-01
BEL;BEL030471992;8871778;CST;1992-06-02;1995-04-27;047;Z.47;DE MARIE LOUISE;ZEEBR;OPBU;Y;Y;N;Y;N;;FX;TBB;NO;;;;;38.31;33.17;387.00;0.00;0.00;530.00;0.00;2;1992-06-02;E10;;;;1992-01-01
BEL;BEL030471992;8871778;MOD;1995-04-28;1996-10-16;047;Z.47;DE MARIE LOUISE;ZEEBR;OPBU;Y;Y;N;Y;N;;FX;TBB;NO;;;;;38.31;33.17;387.00;0.00;0.00;750.00;0.00;2;1992-06-02;E10;;;;1992-01-01
BEL;BEL030471992;8871778;MOD;1996-10-17;1996-12-31;047;Z.47;DE MARIE LOUISE;ZEEBR;OPBU;Y;Y;N;Y;N;;FX;TBB;NO;;;;;38.31;33.17;387.00;0.00;0.00;883.00;0.00;2;1992-06-02;E10;;;;1992-01-01
BEL;BEL030471992;8871778;MOD;1997-01-01;1999-12-27;047;Z.47;DE MARIE LOUISE;ZEEBR;OPBU;Y;Y;Y;Y;N;;FX;TBB;NO;;;;;38.31;33.17;387.00;0.00;0.00;883.00;0.00;2;1992-06-02;4A1;;;;1992-01-01
BEL;BEL030471992;8871778;MOD;1999-12-28;2002-12-31;047;Z.47;DE MARIE LOUISE;ZEEBR;OPBU;Y;Y;Y;Y;N;;FX;TBB;NO;;;;;38.31;33.17;387.00;0.00;0.00;957.00;0.00;2;1992-06-02;4A1;;;;1992-01-01
BEL;BEL030471992;8871778;MOD;2003-01-01;2006-05-18;047;Z.47;DE MARIE LOUISE;ZEEBR;OPBU;Y;Y;Y;Y;N;;FX;TBB;NO;;;;;38.31;33.17;387.00;0.00;0.00;957.00;0.00;2;1992-06-02;MFL;;;;1992-01-01
BEL;BEL030471992;8871778;MOD;2006-05-19;2008-12-17;047;Z.47;DE MARIE LOUISE;ZEEBR;OPBU;Y;Y;Y;Y;N;;FX;TBB;NO;;;;;38.31;33.17;387.00;0.00;0.00;1147.00;0.00;2;1992-06-02;MFL;;;;1992-01-01
BEL;BEL030471992;8871778;MOD;2008-12-18;2011-10-25;047;Z.47;DE MARIE LOUISE;ZEEBR;OPBU;Y;Y;Y;Y;N;;FX;TBB;NO;;;;;38.31;33.17;387.00;0.00;0.00;1147.00;0.00;2;1992-06-02;MFL;;;;1992-01-01
BEL;BEL030471992;8871778;MOD;2011-10-26;2016-02-07;047;Z.47;DE MARIE LOUISE;ZEEBR;OPBU;Y;Y;Y;Y;N;;FX;TBB;NO;;;;;38.31;33.17;387.00;0.00;0.00;1200.00;0.00;2;1992-06-02;MFL;;;;1992-01-01
BEL;BEL030471992;8871778;MOD;2016-02-08;2017-11-15;047;Z.47;DE MARIE LOUISE;ZEEBR;OPBU;Y;Y;Y;Y;N;;FX;TBB;NO;;;;;38.31;33.17;387.00;0.00;0.00;1200.00;0.00;2;1992-06-02;MFL;;;;1992-01-01
BEL;BEL030471992;8871778;MOD;2017-11-16;2019-01-30;047;Z.47;DE MARIE LOUISE;ZEEBR;OPBU;Y;Y;Y;Y;N;;FX;TBB;NO;;;;;38.31;33.17;387.00;0.00;0.00;1200.00;0.00;2;1992-06-02;MFL;;;;1992-01-01
BEL;BEL030471992;8871778;MOD;2019-01-31;2020-09-08;047;Z.47;DE MARIE LOUISE;ZEEBR;OPBU;Y;Y;Y;Y;N;;FX;TBB;NO;;;;;38.31;33.17;387.00;0.00;0.00;1200.00;0.00;2;1992-06-02;MFL;;;;1992-01-01
BEL;BEL030471992;8871778;MOD;2020-09-09;2021-01-11;047;Z.47;DE MARIE LOUISE;ZEEBR;OPBU;Y;Y;Y;Y;Y;205059000;FX;TBB;NO;;;;;38.31;33.17;387.00;0.00;0.00;1200.00;0.00;2;1992-06-02;MFL;;;;1992-01-01
BEL;BEL030471992;8871778;MOD;2021-01-12;2100-12-31;047;Z.47;DE MARIE LOUISE;BEZEE;OPBU;Y;Y;Y;Y;Y;205059000;FX;TBB;NO;;;;;38.31;33.17;387.00;0.00;0.00;1200.00;0.00;2;1992-06-02;MFL;;;;1992-01-01
BEL;BEL030481983;;CEN;1989-01-01;1991-12-31;048;Z.48;WODAN;ZEEBR;OPBV;Y;Y;N;Y;N;;FX;TBB;NO;;;;;32.50;29.22;246.00;0.00;0.00;883.00;0.00;2;1983-12-06;ZEE;;;;1983-01-01
BEL;BEL030481983;;MOD;1992-01-01;1996-12-31;048;Z.48;WODAN;ZEEBR;OPBV;Y;Y;Y;Y;N;;FX;TBB;NO;;;;;32.50;29.22;246.00;0.00;0.00;883.00;0.00;2;1983-12-06;E10;;;;1983-01-01
BEL;BEL030481983;;MOD;1997-01-01;2002-01-31;048;Z.48;WODAN;ZEEBR;OPBV;Y;Y;Y;Y;N;;FX;TBB;NO;;;;;32.50;29.22;246.00;0.00;0.00;883.00;0.00;2;1983-12-06;4A1;;;;1983-01-01
BEL;BEL030481983;;MOD;2002-02-01;2002-12-31;048;Z.48;WODAN;ZEEBR;OPBV;Y;Y;Y;Y;N;;FX;TBB;NO;;;;;32.50;29.22;246.00;0.00;0.00;926.00;0.00;2;1983-12-06;4A1;;;;1983-01-01
BEL;BEL030481983;;MOD;2003-01-01;2004-12-05;048;Z.48;WODAN;ZEEBR;OPBV;Y;Y;Y;Y;N;;FX;TBB;NO;;;;;32.50;29.22;246.00;0.00;0.00;926.00;0.00;2;1983-12-06;MFL;;;;1983-01-01
BEL;BEL030481983;;MOD;2004-12-06;2009-10-27;048;Z.48;WODAN;ZEEBR;OPBV;Y;Y;Y;Y;N;;FX;TBB;NO;;;;;32.50;29.22;246.00;0.00;0.00;929.00;0.00;2;1983-12-06;MFL;;;;1983-01-01
BEL;BEL030501982;;CEN;1989-01-01;1991-12-31;050;Z.50;TIJL;ZEEBR;OPBX;Y;N;N;Y;N;;TO;TBB;NO;;;;;30.00;26.15;0.00;181.93;0.00;662.00;0.00;2;1982-05-24;ZEE;;;;1982-01-01
BEL;BEL030501982;;MOD;1992-01-01;1996-12-31;050;Z.50;TIJL;ZEEBR;OPBX;Y;N;N;Y;N;;TO;TBB;NO;;;;;35.00;31.42;238.00;0.00;0.00;883.00;0.00;2;1982-05-24;E10;;;;1982-01-01
BEL;BEL030501982;;MOD;1997-01-01;2000-09-11;050;Z.50;TIJL;ZEEBR;OPBX;Y;N;Y;Y;N;;TO;TBB;NO;;;;;35.00;31.42;238.00;0.00;0.00;883.00;0.00;2;1982-05-24;4A1;;;;1982-01-01
BEL;BEL030531981;7916959;CEN;1989-01-01;1991-12-31;053;Z.53;VAN EYCK;ZEEBR;OPCA;Y;Y;N;Y;N;;FX;TBB;NO;;;;;34.29;30.77;234.00;0.00;0.00;662.00;0.00;2;1981-03-17;ZEE;;;;1981-01-01
BEL;BEL030531981;7916959;MOD;1992-01-01;1996-12-31;053;Z.53;VAN EYCK;ZEEBR;OPCA;Y;Y;Y;Y;N;;FX;TBB;NO;;;;;34.29;30.77;234.00;0.00;0.00;662.00;0.00;2;1981-03-17;E10;;;;1981-01-01
BEL;BEL030531981;7916959;MOD;1997-01-01;1998-11-16;053;Z.53;VAN EYCK;ZEEBR;OPCA;Y;Y;Y;Y;N;;FX;TBB;NO;;;;;34.29;30.77;234.00;0.00;0.00;662.00;0.00;2;1981-03-17;4A1;;;;1981-01-01
BEL;BEL030531981;7916959;MOD;1998-11-17;2002-12-31;053;Z.53;VAN EYCK;ZEEBR;OPCA;Y;Y;Y;Y;N;;FX;TBB;NO;;;;;34.29;30.77;234.00;0.00;0.00;662.00;0.00;2;1981-03-17;4A1;;;;1981-01-01
BEL;BEL030531981;7916959;MOD;2003-01-01;2012-04-04;053;Z.53;VAN EYCK;ZEEBR;OPCA;Y;Y;Y;Y;N;;FX;TBB;NO;;;;;34.29;30.77;234.00;0.00;0.00;662.00;0.00;2;1981-03-17;MFL;;;;1981-01-01
BEL;BEL030531981;7916959;MOD;2012-04-05;2013-06-23;053;Z.53;VAN EYCK;ZEEBR;OPCA;Y;Y;Y;Y;N;;FX;TBB;NO;;;;;34.29;30.77;234.00;0.00;0.00;883.00;0.00;2;1981-03-17;MFL;;;;1981-01-01
BEL;BEL030531981;7916959;MOD;2013-06-24;2014-06-02;053;Z.53;VAN EYCK;ZEEBR;OPCA;Y;Y;Y;Y;N;;FX;TBB;NO;;;;;34.29;30.77;234.00;0.00;0.00;706.00;0.00;2;1981-03-17;MFL;;;;1981-01-01
BEL;BEL030531981;7916959;MOD;2014-06-03;2020-09-08;053;Z.53;VAN EYCK;ZEEBR;OPCA;Y;Y;Y;Y;N;;FX;TBB;NO;;;;;34.29;30.77;234.00;0.00;0.00;834.00;0.00;2;1981-03-17;MFL;;;;1981-01-01
BEL;BEL030531981;7916959;MOD;2020-09-09;2021-01-11;053;Z.53;VAN EYCK;ZEEBR;OPCA;Y;Y;Y;Y;Y;205259000;FX;TBB;NO;;;;;34.29;30.77;234.00;0.00;0.00;834.00;0.00;2;1981-03-17;MFL;;;;1981-01-01
BEL;BEL030531981;7916959;MOD;2021-01-12;2021-01-18;053;Z.53;VAN EYCK;BEZEE;OPCA;Y;Y;Y;Y;Y;205259000;FX;TBB;NO;;;;;34.29;30.77;234.00;0.00;0.00;834.00;0.00;2;1981-03-17;MFL;;;;1981-01-01
BEL;BEL030531981;7916959;MOD;2021-01-19;2100-12-31;053;Z.53;VAN EYCK;BEZEE;OPCA;Y;Y;Y;Y;Y;205259000;FX;TBB;NO;;;;;34.29;30.77;234.00;0.00;0.00;1055.00;0.00;2;1981-03-17;MFL;;;;1981-01-01
BEL;BEL030541985;;CEN;1989-01-01;1991-12-31;054;Z.54;DE BOUNTY;ZEEBR;OPCB;Y;Y;N;Y;N;;FX;TBB;NO;;;;;35.77;32.44;328.00;0.00;0.00;880.00;0.00;2;1985-12-03;ZEE;;;;1985-01-01
BEL;BEL030541985;;MOD;1992-01-01;1992-12-07;054;Z.54;DE BOUNTY;ZEEBR;OPCB;Y;Y;N;Y;N;;FX;TBB;NO;;;;;35.77;32.44;328.00;0.00;0.00;880.00;0.00;2;1985-12-03;E10;;;;1985-01-01
BEL;BEL030541993;;CST;1993-10-29;1996-12-31;054;Z.54;DE BOUNTY;ZEEBR;OPCB;Y;Y;N;Y;N;;FX;TBB;NO;;;;;37.87;32.98;385.00;0.00;0.00;795.00;0.00;2;1993-10-29;E10;;;;1993-01-01
BEL;BEL030541993;;MOD;1997-01-01;2002-12-31;054;Z.54;DE BOUNTY;ZEEBR;OPCB;Y;Y;Y;Y;N;;FX;TBB;NO;;;;;37.87;32.98;385.00;0.00;0.00;795.00;0.00;2;1993-10-29;4A1;;;;1993-01-01
BEL;BEL030541993;;MOD;2003-01-01;2006-10-04;054;Z.54;DE BOUNTY;ZEEBR;OPCB;Y;Y;Y;Y;N;;FX;TBB;NO;;;;;37.87;32.98;385.00;0.00;0.00;795.00;0.00;2;1993-10-29;MFL;;;;1993-01-01
BEL;BEL030551962;8564478;CEN;1989-01-01;1989-01-23;055;Z.55;GOEDE HOOP;ZEEBR;OPCC;Y;Y;N;Y;N;;FX;TBB;NO;;;;;21.27;19.10;60.00;48.82;0.00;221.00;0.00;2;1973-03-07;ZEE;;;;1962-01-01
BEL;BEL030551962;8564478;MOD;1989-01-24;1991-12-31;055;Z.55;GOEDE HOOP;ZEEBR;OPCC;Y;Y;N;Y;N;;FX;TBB;NO;;;;;23.99;19.10;60.00;0.00;0.00;221.00;0.00;2;1973-03-07;ZEE;;;;1962-01-01
BEL;BEL030551962;8564478;MOD;1992-01-01;1996-12-31;055;Z.55;GOEDE HOOP;ZEEBR;OPCC;Y;Y;N;Y;N;;FX;TBB;NO;;;;;23.99;19.10;60.00;0.00;0.00;221.00;0.00;2;1973-03-07;E10;;;;1962-01-01
BEL;BEL030551962;8564478;MOD;1997-01-01;1998-08-09;055;Z.55;GOEDE HOOP;ZEEBR;OPCC;Y;Y;Y;Y;N;;FX;TBB;NO;;;;;23.99;19.10;60.00;0.00;0.00;221.00;0.00;2;1973-03-07;4A1;;;;1962-01-01
BEL;BEL030551962;8564478;MOD;1998-08-10;1999-05-18;055;Z.55;GOEDE HOOP;ZEEBR;OPCC;Y;Y;Y;Y;N;;FX;TBB;OTB;;;;;23.99;19.10;60.00;0.00;0.00;221.00;0.00;2;1973-03-07;4A1;;;;1962-01-01
BEL;BEL030551962;8564478;MOD;1999-05-19;2002-12-31;055;Z.55;GOEDE HOOP;ZEEBR;OPCC;Y;Y;Y;Y;N;;FX;OTB;NO;;;;;23.99;19.10;60.00;0.00;0.00;221.00;0.00;2;1973-03-07;4A2;;;;1962-01-01
BEL;BEL030551962;8564478;MOD;2003-01-01;2006-02-19;055;Z.55;GOEDE HOOP;ZEEBR;OPCC;Y;Y;Y;Y;N;;FX;OTB;NO;;;;;23.99;19.10;60.00;0.00;0.00;221.00;0.00;2;1973-03-07;MFL;;;;1962-01-01
BEL;BEL030551962;8564478;MOD;2006-02-20;2020-08-12;055;Z.55;GOEDE HOOP;ZEEBR;OPCC;Y;Y;Y;Y;N;;FX;TBB;OTB;;;;;23.99;21.03;60.00;0.00;0.00;221.00;0.00;2;1973-03-07;MFL;;;;1962-01-01
BEL;BEL030551962;8564478;MOD;2020-08-13;2021-01-03;055;Z.55;GOEDE HOOP;ZEEBR;OPCC;Y;Y;Y;Y;Y;205296000;FX;TBB;OTB;;;;;23.99;21.03;60.00;0.00;0.00;221.00;0.00;2;1973-03-07;MFL;;;;1962-01-01
BEL;BEL030551962;8564478;MOD;2021-01-04;2021-01-04;055;Z.55;GOEDE HOOP;BEZEE;OPCC;Y;Y;Y;Y;Y;205296000;FX;TBB;OTB;;;;;23.99;21.03;60.00;0.00;0.00;221.00;0.00;2;1973-03-07;MFL;;;;1962-01-01
BEL;BEL030551962;8564478;MOD;2021-01-05;2021-01-11;055;Z.55;GOEDE HOOP;BEZEE;OPCC;Y;Y;Y;Y;Y;205296000;FX;TBB;OTB;;;;;23.99;21.03;60.00;0.00;0.00;221.00;0.00;2;1973-03-07;MFL;;;;1962-01-01
BEL;BEL030551962;8564478;MOD;2021-01-12;2100-12-31;055;Z.55;GOEDE HOOP;BEZEE;OPCC;Y;Y;Y;Y;Y;205296000;FX;TBB;OTB;;;;;23.99;21.03;60.00;0.00;0.00;221.00;0.00;2;1973-03-07;MFL;;;;1962-01-01
BEL;BEL030561960;;CEN;1989-01-01;1991-12-31;056;Z.56;ORKA;ZEEBR;OPCD;Y;Y;N;Y;N;;FX;TBB;PTB;;;;;23.00;20.61;52.00;0.00;0.00;202.00;0.00;2;1984-08-17;ZEE;;;;1960-01-01
BEL;BEL030561960;;MOD;1992-01-01;1992-03-11;056;Z.56;ORKA;ZEEBR;OPCD;Y;Y;N;Y;N;;FX;TBB;PTB;;;;;23.00;20.61;52.00;0.00;0.00;220.00;0.00;2;1984-08-17;E10;;;;1960-01-01
BEL;BEL030561960;;MOD;1992-03-12;1996-12-30;056;Z.56;ORKA;ZEEBR;OPCD;Y;Y;N;Y;N;;FX;TBB;PTB;;;;;23.00;20.61;52.00;0.00;0.00;220.00;0.00;2;1984-08-17;C10;;;;1960-01-01
BEL;BEL030561999;9152674;CST;1999-10-27;2002-12-31;056;Z.56;PIETER;ZEEBR;OPCD;Y;Y;Y;Y;N;;FX;TBB;OTB;;;;;23.83;21.02;140.00;0.00;0.00;221.00;0.00;2;1999-10-27;4A1;;;;1999-01-01
BEL;BEL030561999;9152674;MOD;2003-01-01;2006-06-15;056;Z.56;PIETER;ZEEBR;OPCD;Y;Y;Y;Y;N;;FX;TBB;OTB;;;;;23.83;21.02;140.00;0.00;0.00;221.00;0.00;2;1999-10-27;MFL;;;;1999-01-01
BEL;BEL030561999;9152674;MOD;2006-06-16;2011-06-28;056;Z.56;PIETER;ZEEBR;OPCD;Y;Y;Y;Y;N;;FX;TBB;OTB;;;;;23.83;21.02;140.00;0.00;0.00;221.00;0.00;2;1999-10-27;MFL;;;;1999-01-01
BEL;BEL030561999;9152674;MOD;2011-06-29;2020-07-06;056;Z.56;PIETER;ZEEBR;OPCD;Y;Y;Y;Y;N;;FX;TBB;OTB;;;;;23.83;21.02;140.00;0.00;0.00;221.00;0.00;2;1999-10-27;MFL;;;;1999-01-01
BEL;BEL030561999;9152674;MOD;2020-07-07;2020-09-08;056;Z.56;PIETER;ZEEBR;OPCD;Y;Y;Y;Y;N;;FX;TBB;OTB;;;;;23.83;21.02;140.00;0.00;0.00;221.00;0.00;2;1999-10-27;MFL;;;;1999-01-01
BEL;BEL030561999;9152674;MOD;2020-09-09;2021-01-11;056;Z.56;PIETER;ZEEBR;OPCD;Y;Y;Y;Y;Y;205336000;FX;TBB;OTB;;;;;23.83;21.02;140.00;0.00;0.00;221.00;0.00;2;1999-10-27;MFL;;;;1999-01-01
BEL;BEL030561999;9152674;MOD;2021-01-12;2100-12-31;056;Z.56;PIETER;BEZEE;OPCD;Y;Y;Y;Y;Y;205336000;FX;TBB;OTB;;;;;23.83;21.02;140.00;0.00;0.00;221.00;0.00;2;1999-10-27;MFL;;;;1999-01-01
BEL;BEL030591985;;CEN;1989-01-01;1991-12-31;059;Z.59;GUDRUN;ZEEBR;OPCG;Y;Y;N;Y;N;;FX;TBB;NO;;;;;34.90;31.50;273.00;0.00;0.00;882.00;0.00;2;1985-10-01;ZEE;;;;1985-01-01
BEL;BEL030591985;;MOD;1992-01-01;1996-12-31;059;Z.59;GUDRUN;ZEEBR;OPCG;Y;Y;Y;Y;N;;FX;TBB;NO;;;;;34.90;31.50;273.00;0.00;0.00;882.00;0.00;2;1985-10-01;E10;;;;1985-01-01
BEL;BEL030591985;;MOD;1997-01-01;1997-11-11;059;Z.59;GUDRUN;ZEEBR;OPCG;Y;Y;Y;Y;N;;FX;TBB;NO;;;;;34.90;31.50;273.00;0.00;0.00;882.00;0.00;2;1985-10-01;4A1;;;;1985-01-01
BEL;BEL030591985;;MOD;1997-11-12;2002-12-31;059;Z.59;GUDRUN;ZEEBR;OPCG;Y;Y;Y;Y;N;;FX;TBB;NO;;;;;34.90;30.87;273.00;0.00;0.00;882.00;0.00;2;1985-10-01;4A1;;;;1985-01-01
BEL;BEL030591985;;MOD;2003-01-01;2005-03-08;059;Z.59;GUDRUN;ZEEBR;OPCG;Y;Y;Y;Y;N;;FX;TBB;NO;;;;;34.90;30.87;273.00;0.00;0.00;957.00;0.00;2;1985-10-01;MFL;;;;1985-01-01
BEL;BEL030601988;;CEN;1989-01-01;1991-12-31;060;Z.60;BLUE ANGEL;ZEEBR;OPCH;Y;Y;N;Y;N;;FX;TBB;NO;;;;;36.25;31.50;317.00;0.00;0.00;882.00;0.00;2;1988-03-15;ZEE;;;;1988-01-01
BEL;BEL030601988;;MOD;1992-01-01;1996-12-31;060;Z.60;BLUE ANGEL;ZEEBR;OPCH;Y;Y;N;Y;N;;FX;TBB;NO;;;;;36.25;32.58;317.00;0.00;0.00;882.00;0.00;2;1988-03-15;E10;;;;1988-01-01
BEL;BEL030601988;;MOD;1997-01-01;2000-07-23;060;Z.60;BLUE ANGEL;ZEEBR;OPCH;Y;Y;Y;Y;N;;FX;TBB;NO;;;;;36.25;32.58;317.00;0.00;0.00;882.00;0.00;2;1988-03-15;4A1;;;;1988-01-01
BEL;BEL030602001;9222077;CST;2001-03-30;2002-12-31;060;Z.60;BLUE ANGEL;ZEEBR;OPCH;Y;Y;Y;Y;N;;FX;TBB;NO;;;;;37.83;33.01;388.00;0.00;0.00;883.00;0.00;2;2001-03-30;4A1;;;;2001-01-01
BEL;BEL030602001;9222077;MOD;2003-01-01;2012-05-08;060;Z.60;BLUE ANGEL;ZEEBR;OPCH;Y;Y;Y;Y;N;;FX;TBB;NO;;;;;37.83;33.01;388.00;0.00;0.00;883.00;0.00;2;2001-03-30;MFL;;;;2001-01-01
BEL;BEL030602001;9222077;MOD;2012-05-09;2017-11-28;060;Z.60;BLUE ANGEL;ZEEBR;OPCH;Y;Y;Y;Y;N;;FX;TBB;NO;;;;;37.83;33.01;388.00;0.00;0.00;706.00;0.00;2;2001-03-30;MFL;;;;2001-01-01
BEL;BEL030602001;9222077;MOD;2017-11-29;2020-09-08;060;Z.60;BLUE ANGEL;ZEEBR;OPCH;Y;Y;Y;Y;N;;FX;TBB;NO;;;;;37.83;33.01;388.00;0.00;0.00;1200.00;0.00;2;2001-03-30;MFL;;;;2001-01-01
BEL;BEL030602001;9222077;MOD;2020-09-09;2021-01-12;060;Z.60;BLUE ANGEL;ZEEBR;OPCH;Y;Y;Y;Y;Y;205198000;FX;TBB;NO;;;;;37.83;33.01;388.00;0.00;0.00;1200.00;0.00;2;2001-03-30;MFL;;;;2001-01-01
BEL;BEL030602001;9222077;MOD;2021-01-13;2100-12-31;060;Z.60;BLUE ANGEL;BEZEE;OPCH;Y;Y;Y;Y;Y;205198000;FX;TBB;NO;;;;;37.83;33.01;388.00;0.00;0.00;1200.00;0.00;2;2001-03-30;MFL;;;;2001-01-01
BEL;BEL030631987;8553455;CEN;1989-01-01;1991-12-31;063;Z.63;THALASSA;ZEEBR;OPCK;Y;Y;N;Y;N;;FX;TBB;NO;;;;;20.04;16.99;68.00;0.00;0.00;220.00;0.00;2;1987-02-27;ZEE;;;;1987-01-01
BEL;BEL030631987;8553455;MOD;1992-01-01;1992-02-19;063;Z.63;THALASSA;ZEEBR;OPCK;Y;Y;N;Y;N;;FX;TBB;NO;;;;;20.04;16.99;68.00;0.00;0.00;219.00;0.00;2;1987-02-27;E10;;;;1987-01-01
BEL;BEL030631987;8553455;MOD;1992-02-20;1996-12-31;063;Z.63;THALASSA;ZEEBR;OPCK;Y;Y;N;Y;N;;FX;TBB;NO;;;;;20.04;16.99;68.00;0.00;0.00;219.00;0.00;2;1987-02-27;C10;;;;1987-01-01
BEL;BEL030631987;8553455;MOD;1997-01-01;2002-12-31;063;Z.63;THALASSA;ZEEBR;OPCK;Y;Y;Y;Y;N;;FX;TBB;NO;;;;;20.04;16.99;68.00;0.00;0.00;219.00;0.00;2;1987-02-27;4A1;;;;1987-01-01
BEL;BEL030631987;8553455;MOD;2003-01-01;2006-03-20;063;Z.63;THALASSA;ZEEBR;OPCK;Y;Y;Y;Y;N;;FX;TBB;NO;;;;;20.04;16.99;68.00;0.00;0.00;219.00;0.00;2;1987-02-27;MFL;;;;1987-01-01
BEL;BEL030631987;8553455;MOD;2006-03-21;2007-11-08;063;Z.63;THALASSA;ZEEBR;OPCK;Y;Y;Y;Y;N;;FX;TBB;OTB;;;;;20.04;16.99;68.00;0.00;0.00;219.00;0.00;2;1987-02-27;MFL;;;;1987-01-01
BEL;BEL030631987;8553455;MOD;2007-11-09;2020-01-19;063;Z.63;THALASSA;ZEEBR;OPCK;Y;Y;Y;Y;N;;FX;TBB;DRB;;;;;20.04;16.99;68.00;0.00;0.00;219.00;0.00;2;1987-02-27;MFL;;;;1987-01-01
BEL;BEL030631987;8553455;MOD;2020-01-20;2020-06-03;063;Z.63;THALASSA;ZEEBR;OPCK;Y;Y;Y;Y;N;;FX;TBB;DRB;;;;;20.04;16.99;68.00;0.00;0.00;219.00;0.00;2;1987-02-27;MFL;;;;1987-01-01
BEL;BEL030631987;8553455;MOD;2020-06-04;2020-09-08;063;N.63;SHAUN;NIEUW;OPCK;Y;Y;Y;Y;N;;FX;TBB;OTB;;;;;20.04;16.99;68.00;0.00;0.00;219.00;0.00;2;1987-02-27;MFL;;;;1987-01-01
BEL;BEL030631987;8553455;MOD;2020-09-09;2021-01-10;063;N.63;SHAUN;NIEUW;OPCK;Y;Y;Y;Y;Y;205293000;FX;TBB;OTB;;;;;20.04;16.99;68.00;0.00;0.00;219.00;0.00;2;1987-02-27;MFL;;;;1987-01-01
BEL;BEL030631987;8553455;MOD;2021-01-11;2100-12-31;063;N.63;SHAUN;BENIE;OPCK;Y;Y;Y;Y;Y;205293000;FX;TBB;OTB;;;;;20.04;16.99;68.00;0.00;0.00;219.00;0.00;2;1987-02-27;MFL;;;;1987-01-01
BEL;BEL030661985;;CEN;1989-01-01;1991-12-31;066;Z.66;NELSON;ZEEBR;OPCN;Y;N;N;Y;N;;FX;TBB;NO;;;;;30.58;26.50;224.00;0.00;0.00;662.00;0.00;2;1985-03-01;ZEE;;;;1985-01-01
BEL;BEL030661985;;MOD;1992-01-01;1996-02-05;066;O.66;L'EBAUCHE;OOSTE;OPCN;Y;N;N;Y;N;;FX;TBB;NO;;;;;30.58;27.16;224.00;0.00;0.00;662.00;0.00;2;1985-03-01;E10;;;;1985-01-01
BEL;BEL030671983;8410017;CEN;1989-01-01;1991-03-22;067;Z.67;RUBENS;ZEEBR;OPCO;Y;Y;N;Y;N;;FX;TBB;NO;;;;;34.90;30.25;274.00;0.00;0.00;882.00;0.00;2;1984-09-17;ZEE;;;;1983-01-01
BEL;BEL030671983;8410017;MOD;1991-03-23;1991-12-31;067;Z.67;RUBENS;ZEEBR;OPCO;Y;Y;N;Y;N;;FX;TBB;NO;;;;;34.90;30.87;274.00;0.00;0.00;883.00;0.00;2;1984-09-17;ZEE;;;;1983-01-01
BEL;BEL030671983;8410017;MOD;1992-01-01;1996-12-31;067;Z.67;RUBENS;ZEEBR;OPCO;Y;Y;Y;Y;N;;FX;TBB;NO;;;;;34.90;30.87;274.00;0.00;0.00;883.00;0.00;2;1984-09-17;E10;;;;1983-01-01
BEL;BEL030671983;8410017;MOD;1997-01-01;2002-12-31;067;Z.67;RUBENS;ZEEBR;OPCO;Y;Y;Y;Y;N;;FX;TBB;NO;;;;;34.90;30.87;274.00;0.00;0.00;883.00;0.00;2;1984-09-17;4A1;;;;1983-01-01
BEL;BEL030671983;8410017;MOD;2003-01-01;2007-07-15;067;Z.67;RUBENS;ZEEBR;OPCO;Y;Y;Y;Y;N;;FX;TBB;NO;;;;;34.90;30.87;274.00;0.00;0.00;883.00;0.00;2;1984-09-17;MFL;;;;1983-01-01
BEL;BEL030671983;8410017;MOD;2007-07-16;2007-10-28;067;Z.67;RUBENS;ZEEBR;OPCO;Y;Y;Y;Y;N;;FX;TBB;NO;;;;;34.90;30.87;274.00;0.00;0.00;883.00;0.00;2;1984-09-17;MFL;;;;1983-01-01
BEL;BEL030671983;8410017;MOD;2007-10-29;2011-02-01;067;Z.67;RUBENS;ZEEBR;OPCO;Y;Y;Y;Y;N;;FX;TBB;NO;;;;;34.90;30.87;274.00;0.00;0.00;957.00;0.00;2;1984-09-17;MFL;;;;1983-01-01
BEL;BEL030671983;8410017;MOD;2011-02-02;2012-05-08;067;Z.67;RUBENS;ZEEBR;OPCO;Y;Y;Y;Y;N;;FX;TBB;NO;;;;;34.90;30.87;274.00;0.00;0.00;957.00;0.00;2;1984-09-17;MFL;;;;1983-01-01
BEL;BEL030671983;8410017;MOD;2012-05-09;2016-03-29;067;Z.67;RUBENS;ZEEBR;OPCO;Y;Y;Y;Y;N;;FX;TBB;NO;;;;;34.90;30.87;284.00;0.00;0.00;765.00;0.00;2;1984-09-17;MFL;;;;1983-01-01
BEL;BEL030671983;8410017;MOD;2016-03-30;2018-04-24;067;Z.67;RUBENS;ZEEBR;OPCO;Y;Y;Y;Y;N;;FX;TBB;NO;;;;;34.90;30.87;284.00;0.00;0.00;765.00;0.00;2;1984-09-17;MFL;;;;1983-01-01
BEL;BEL030671983;8410017;MOD;2018-04-25;2020-06-30;067;Z.67;RUBENS;ZEEBR;OPCO;Y;Y;Y;Y;N;;FX;TBB;NO;;;;;34.90;30.87;284.00;0.00;0.00;984.00;0.00;2;1984-09-17;MFL;;;;1983-01-01
BEL;BEL030671983;8410017;MOD;2020-07-01;2020-09-08;067;Z.67;RUBENS;ZEEBR;OPCO;Y;Y;Y;Y;N;;FX;TBB;NO;;;;;34.90;30.87;284.00;0.00;0.00;1200.00;0.00;2;1984-09-17;MFL;;;;1983-01-01
BEL;BEL030671983;8410017;MOD;2020-09-09;2021-01-13;067;Z.67;RUBENS;ZEEBR;OPCO;Y;Y;Y;Y;Y;205155000;FX;TBB;NO;;;;;34.90;30.87;284.00;0.00;0.00;1200.00;0.00;2;1984-09-17;MFL;;;;1983-01-01
BEL;BEL030671983;8410017;MOD;2021-01-14;2100-12-31;067;Z.67;RUBENS;BEZEE;OPCO;Y;Y;Y;Y;Y;205155000;FX;TBB;NO;;;;;34.90;30.87;284.00;0.00;0.00;1200.00;0.00;2;1984-09-17;MFL;;;;1983-01-01
BEL;BEL030691986;;CEN;1989-01-01;1991-12-31;069;Z.69;DE KAPER;ZEEBR;OPCQ;Y;Y;N;Y;N;;FX;TBB;NO;;;;;34.90;31.50;273.00;0.00;0.00;882.00;0.00;2;1986-11-07;ZEE;;;;1986-01-01
BEL;BEL030691986;;MOD;1992-01-01;1993-03-22;069;Z.69;DE KAPER;ZEEBR;OPCQ;Y;Y;N;Y;N;;FX;TBB;NO;;;;;34.90;31.50;273.00;0.00;0.00;882.00;0.00;2;1986-11-07;E10;;;;1986-01-01
BEL;BEL030691995;;CST;1995-07-04;1996-12-31;069;Z.69;ATLANTIS;ZEEBR;OPCQ;Y;Y;N;Y;N;;FX;TBB;NO;;;;;37.78;32.98;386.00;0.00;0.00;883.00;0.00;2;1995-07-04;E10;;;;1995-01-01
BEL;BEL030691995;;MOD;1997-01-01;2002-12-31;069;Z.69;ATLANTIS;ZEEBR;OPCQ;Y;Y;Y;Y;N;;FX;TBB;NO;;;;;37.78;32.98;386.00;0.00;0.00;883.00;0.00;2;1995-07-04;4A1;;;;1995-01-01
BEL;BEL030691995;;MOD;2003-01-01;2007-11-15;069;Z.69;ATLANTIS;ZEEBR;OPCQ;Y;Y;Y;Y;N;;FX;TBB;NO;;;;;37.78;32.98;386.00;0.00;0.00;883.00;0.00;2;1995-07-04;MFL;;;;1995-01-01
BEL;BEL030691995;;MOD;2007-11-16;2009-12-16;069;Z.69;ATLANTIS;ZEEBR;OPCQ;Y;Y;Y;Y;N;;FX;TBB;NO;;;;;37.78;32.98;386.00;0.00;0.00;994.00;0.00;2;1995-07-04;MFL;;;;1995-01-01
BEL;BEL030692010;;CST;2010-05-12;2010-05-12;069;Z.69;ATLANTIS;ZEEBR;OPCQ;Y;Y;Y;Y;N;;FX;GNS;LHM;;;;;14.45;14.44;17.00;0.00;0.00;366.00;0.00;3;2010-05-12;MFL;;;;2010-01-01
BEL;BEL030692010;;MOD;2010-05-13;2011-10-24;069;Z.69;ATLANTIS;ZEEBR;OPCQ;Y;Y;Y;Y;N;;FX;GNS;LHM;;;;;14.45;14.44;17.00;0.00;0.00;545.00;0.00;3;2010-05-12;MFL;;;;2010-01-01
BEL;BEL030701985;;CEN;1989-01-01;1991-02-21;070;Z.70;'T WESTDIEP;ZEEBR;OPCR;Y;Y;N;Y;N;;FX;TBB;NO;;;;;23.77;21.12;70.00;0.00;0.00;221.00;0.00;2;1986-01-07;ZEE;;;;1985-01-01
BEL;BEL030701985;;MOD;1991-02-22;1991-12-31;070;Z.70;MARLEEN;ZEEBR;OPCR;Y;Y;N;Y;N;;FX;TBB;NO;;;;;23.77;21.12;70.00;0.00;0.00;221.00;0.00;2;1986-01-07;ZEE;;;;1985-01-01
BEL;BEL030701985;;MOD;1992-01-01;1995-09-26;070;Z.70;MARLEEN;ZEEBR;OPCR;Y;Y;N;Y;N;;FX;TBB;NO;;;;;23.77;21.12;70.00;0.00;0.00;221.00;0.00;2;1986-01-07;E10;;;;1985-01-01
BEL;BEL030701985;;MOD;1995-09-27;1996-12-31;070;Z.70;MARLEEN;ZEEBR;OPCR;Y;Y;N;Y;N;;FX;TBB;NO;;;;;23.77;21.12;79.00;0.00;0.00;221.00;0.00;2;1986-01-07;E10;;;;1985-01-01
BEL;BEL030701985;;MOD;1997-01-01;1998-12-01;070;Z.70;MARLEEN;ZEEBR;OPCR;Y;Y;Y;Y;N;;FX;TBB;NO;;;;;23.77;21.12;79.00;0.00;0.00;221.00;0.00;2;1986-01-07;4A1;;;;1985-01-01
BEL;BEL030701985;;MOD;1998-12-02;2002-12-31;070;Z.70;MARLEEN;ZEEBR;OPCR;Y;Y;Y;Y;N;;FX;TBB;NO;;;;;23.77;21.20;79.00;0.00;0.00;221.00;0.00;2;1986-01-07;4A1;;;;1985-01-01
BEL;BEL030701985;;MOD;2003-01-01;2004-01-27;070;Z.70;MARLEEN;ZEEBR;OPCR;Y;Y;Y;Y;N;;FX;TBB;NO;;;;;23.77;21.20;79.00;0.00;0.00;221.00;0.00;2;1986-01-07;MFL;;;;1985-01-01
BEL;BEL030701985;;MOD;2004-01-28;2006-02-23;070;Z.70;MARLEEN;ZEEBR;OPCR;Y;Y;Y;Y;N;;FX;TBB;NO;;;;;23.77;21.20;70.00;0.00;0.00;221.00;0.00;2;1986-01-07;MFL;;;;1985-01-01
BEL;BEL030701985;;MOD;2006-02-24;2007-08-19;070;Z.70;MARLEEN;ZEEBR;OPCR;Y;Y;Y;Y;N;;FX;TBB;OTB;;;;;23.77;21.20;70.00;0.00;0.00;221.00;0.00;2;1986-01-07;MFL;;;;1985-01-01
BEL;BEL030701985;;MOD;2007-08-20;2007-10-28;070;Z.70;MARLEEN;ZEEBR;OPCR;Y;N;Y;Y;N;;FX;TBB;OTB;;;;;23.77;21.20;70.00;0.00;0.00;221.00;0.00;2;1986-01-07;MFL;;;;1985-01-01
BEL;BEL030701985;;MOD;2007-10-29;2011-06-19;071;O.71;JACOB KIEN;OOSTE;OPCS;Y;Y;Y;Y;N;;FX;TBB;OTB;;;;;23.77;21.20;70.00;0.00;0.00;221.00;0.00;2;1986-01-07;MFL;;;;1985-01-01
BEL;BEL030701985;;MOD;2011-06-20;2016-10-14;071;O.71;JACOB KIEN;OOSTE;OPCS;Y;Y;Y;Y;N;;FX;TBB;OTB;;;;;23.77;21.20;70.00;0.00;0.00;221.00;0.00;2;1986-01-07;MFL;;;;1985-01-01
BEL;BEL030721967;;CEN;1989-01-01;1991-12-12;072;Z.72;AQUARIUS;ZEEBR;OPCT;Y;N;N;Y;N;;FX;TBB;NO;;;;;29.52;25.00;163.00;188.49;0.00;441.00;0.00;2;1968-04-29;ZEE;;;;1967-01-01
BEL;BEL030721967;;MOD;1991-12-13;1991-12-31;072;Z.72;AQUARIUS;ZEEBR;OPCT;Y;N;N;Y;N;;FX;TBB;NO;;;;;29.52;25.56;163.00;0.00;0.00;441.00;0.00;2;1968-04-29;ZEE;;;;1967-01-01
BEL;BEL030721967;;MOD;1992-01-01;1995-01-16;072;Z.72;AQUARIUS;ZEEBR;OPCT;Y;N;N;Y;N;;FX;TBB;NO;;;;;29.52;25.56;163.00;0.00;0.00;441.00;0.00;2;1968-04-29;E10;;;;1967-01-01
BEL;BEL030761985;;CEN;1989-01-01;1991-12-31;076;Z.76;ZEEJAGER;ZEEBR;OPCX;Y;Y;N;Y;N;;FX;TBB;NO;;;;;34.90;30.25;273.00;0.00;0.00;882.00;0.00;2;1985-01-30;ZEE;;;;1985-01-01
BEL;BEL030761985;;MOD;1992-01-01;1996-12-31;076;Z.76;ZEEJAGER;ZEEBR;OPCX;Y;Y;N;Y;N;;FX;TBB;NO;;;;;34.90;30.87;273.00;0.00;0.00;883.00;0.00;2;1985-01-30;E10;;;;1985-01-01
BEL;BEL030761985;;MOD;1997-01-01;2002-12-31;076;Z.76;ZEEJAGER;ZEEBR;OPCX;Y;Y;Y;Y;N;;FX;TBB;NO;;;;;34.90;30.87;273.00;0.00;0.00;883.00;0.00;2;1985-01-30;4A1;;;;1985-01-01
BEL;BEL030761985;;MOD;2003-01-01;2004-12-05;076;Z.76;ZEEJAGER;ZEEBR;OPCX;Y;Y;Y;Y;N;;FX;TBB;NO;;;;;34.90;30.87;273.00;0.00;0.00;883.00;0.00;2;1985-01-30;MFL;;;;1985-01-01
BEL;BEL030761985;;MOD;2004-12-06;2008-09-08;076;Z.76;ZEEJAGER;ZEEBR;OPCX;Y;Y;Y;Y;N;;FX;TBB;NO;;;;;34.90;30.87;273.00;0.00;0.00;957.00;0.00;2;1985-01-30;MFL;;;;1985-01-01
BEL;BEL030761985;;MOD;2008-09-09;2011-05-30;076;Z.76;ZEEJAGER;ZEEBR;OPCX;Y;Y;Y;Y;N;;FX;TBB;NO;;;;;34.90;30.87;273.00;0.00;0.00;957.00;0.00;2;1985-01-30;MFL;;;;1985-01-01
BEL;BEL030761985;;MOD;2011-05-31;2012-01-23;076;Z.76;ZEEJAGER;ZEEBR;OPCX;Y;Y;Y;Y;N;;FX;TBB;NO;;;;;34.90;30.87;273.00;0.00;0.00;957.00;0.00;2;1985-01-30;MFL;;;;1985-01-01
BEL;BEL030781983;;CEN;1989-01-01;1991-12-31;078;Z.78;VERTROUWEN;ZEEBR;OPCZ;Y;Y;N;Y;N;;FX;TBB;NO;;;;;34.90;30.25;274.00;0.00;0.00;904.00;0.00;2;1984-04-03;ZEE;;;;1983-01-01
BEL;BEL030781983;;MOD;1992-01-01;1996-12-31;078;Z.78;VERTROUWEN;ZEEBR;OPCZ;Y;Y;N;Y;N;;FX;TBB;NO;;;;;34.90;30.87;274.00;0.00;0.00;905.00;0.00;2;1984-04-03;E10;;;;1983-01-01
BEL;BEL030781983;;MOD;1997-01-01;2002-12-31;078;Z.78;VERTROUWEN;ZEEBR;OPCZ;Y;Y;Y;Y;N;;FX;TBB;NO;;;;;34.90;30.87;274.00;0.00;0.00;905.00;0.00;2;1984-04-03;4A1;;;;1983-01-01
BEL;BEL030781983;;MOD;2003-01-01;2004-12-05;078;Z.78;VERTROUWEN;ZEEBR;OPCZ;Y;Y;Y;Y;N;;FX;TBB;NO;;;;;34.90;30.87;274.00;0.00;0.00;905.00;0.00;2;1984-04-03;MFL;;;;1983-01-01
BEL;BEL030781983;;MOD;2004-12-06;2009-07-21;078;Z.78;VERTROUWEN;ZEEBR;OPCZ;Y;Y;Y;Y;N;;FX;TBB;NO;;;;;34.90;30.87;274.00;0.00;0.00;957.00;0.00;2;1984-04-03;MFL;;;;1983-01-01
BEL;BEL030791986;8545783;CEN;1989-01-01;1991-12-31;079;Z.79;THORN;ZEEBR;OPDA;Y;N;N;Y;N;;FX;TBB;NO;;;;;23.82;21.31;70.00;0.00;0.00;221.00;0.00;2;1986-11-24;ZEE;;;;1986-01-01
BEL;BEL030791986;8545783;MOD;1992-01-01;1996-05-12;079;Z.79;THORN;ZEEBR;OPDA;Y;N;N;Y;N;;FX;TBB;NO;;;;;23.82;21.31;70.00;0.00;0.00;221.00;0.00;2;1986-11-24;E10;;;;1986-01-01
BEL;BEL030791986;8545783;MOD;1996-05-13;1996-12-31;079;Z.79;THORN;ZEEBR;OPDA;Y;N;N;Y;N;;FX;TBB;NO;;;;;23.82;21.31;78.00;0.00;0.00;221.00;0.00;2;1986-11-24;E10;;;;1986-01-01
BEL;BEL030791986;8545783;MOD;1997-01-01;2002-12-31;079;Z.79;THORN;ZEEBR;OPDA;Y;N;Y;Y;N;;FX;TBB;NO;;;;;23.82;21.31;78.00;0.00;0.00;221.00;0.00;2;1986-11-24;4A1;;;;1986-01-01
BEL;BEL030791986;8545783;MOD;2003-01-01;2003-09-28;079;Z.79;THORN;ZEEBR;OPDA;Y;N;Y;Y;N;;FX;TBB;NO;;;;;23.82;21.31;78.00;0.00;0.00;221.00;0.00;2;1986-11-24;MFL;;;;1986-01-01
BEL;BEL030791986;8545783;MOD;2003-09-29;2005-01-04;079;N.79;THORN;NIEUW;OPDA;Y;Y;Y;Y;N;;FX;TBB;NO;;;;;23.82;21.31;78.00;0.00;0.00;221.00;0.00;2;1986-11-24;MFL;;;;1986-01-01
BEL;BEL030791986;8545783;MOD;2005-01-05;2005-11-07;079;N.79;THORN;NIEUW;OPDA;Y;Y;Y;Y;N;;FX;TBB;NO;;;;;23.82;21.31;78.00;0.00;0.00;221.00;0.00;2;1986-11-24;MFL;;;;1986-01-01
BEL;BEL030791986;8545783;MOD;2005-11-08;2010-04-26;079;N.79;THORN;NIEUW;OPDA;Y;Y;Y;Y;N;;FX;TBB;NO;;;;;23.82;21.31;70.00;0.00;0.00;221.00;0.00;2;1986-11-24;MFL;;;;1986-01-01
BEL;BEL030791986;8545783;MOD;2010-04-27;2020-01-19;079;N.79;WARRIOR;NIEUW;OPDA;Y;Y;Y;Y;N;;FX;TBB;NO;;;;;23.82;21.31;70.00;0.00;0.00;221.00;0.00;2;1986-11-24;MFL;;;;1986-01-01
BEL;BEL030791986;8545783;MOD;2020-01-20;2020-09-08;079;N.79;WARRIOR;NIEUW;OPDA;Y;Y;Y;Y;N;;FX;TBB;NO;;;;;23.82;21.31;70.00;0.00;0.00;221.00;0.00;2;1986-11-24;MFL;;;;1986-01-01
BEL;BEL030791986;8545783;MOD;2020-09-09;2021-01-17;079;N.79;WARRIOR;NIEUW;OPDA;Y;Y;Y;Y;Y;205291000;FX;TBB;NO;;;;;23.82;21.31;70.00;0.00;0.00;221.00;0.00;2;1986-11-24;MFL;;;;1986-01-01
BEL;BEL030791986;8545783;MOD;2021-01-18;2021-01-31;079;N.79;WARRIOR;BENIE;OPDA;Y;Y;Y;Y;Y;205291000;FX;TBB;NO;;;;;23.82;21.31;70.00;0.00;0.00;221.00;0.00;2;1986-11-24;MFL;;;;1986-01-01
BEL;BEL030791986;8545783;MOD;2021-02-01;2100-12-31;079;N.79;WARRIOR;BENIE;OPDA;Y;Y;Y;Y;Y;205291000;FX;TBB;NO;;;;;23.82;21.31;70.00;0.00;0.00;221.00;0.00;2;1986-11-24;MFL;;;;1986-01-01
BEL;BEL030801984;8529167;CEN;1989-01-01;1989-02-26;080;Z.80;SILVERPIT;ZEEBR;OPDB;Y;Y;N;Y;N;;FX;TBB;NO;;;;;21.08;18.00;67.00;0.00;0.00;199.00;0.00;2;1984-11-16;ZEE;;;;1984-01-01
BEL;BEL030801984;8529167;MOD;1989-02-27;1991-12-31;080;Z.80;SILVERPIT;ZEEBR;OPDB;Y;Y;N;Y;N;;FX;TBB;NO;;;;;21.08;18.00;67.00;0.00;0.00;221.00;0.00;2;1984-11-16;ZEE;;;;1984-01-01
BEL;BEL030801984;8529167;MOD;1992-01-01;1996-03-21;080;Z.80;SILVERPIT;ZEEBR;OPDB;Y;Y;N;Y;N;;FX;TBB;NO;;;;;21.08;18.00;67.00;0.00;0.00;221.00;0.00;2;1984-11-16;E10;;;;1984-01-01
BEL;BEL030801984;8529167;MOD;1996-03-22;1996-12-31;080;Z.80;SILVERPIT;ZEEBR;OPDB;Y;Y;N;Y;N;;FX;TBB;NO;;;;;23.85;21.36;78.00;0.00;0.00;221.00;0.00;2;1984-11-16;E10;;;;1984-01-01
BEL;BEL030801984;8529167;MOD;1997-01-01;2002-12-31;080;Z.80;SILVERPIT;ZEEBR;OPDB;Y;Y;Y;Y;N;;FX;TBB;NO;;;;;23.85;21.36;78.00;0.00;0.00;221.00;0.00;2;1984-11-16;4A1;;;;1984-01-01
BEL;BEL030801984;8529167;MOD;2003-01-01;2004-09-23;080;Z.80;SILVERPIT;ZEEBR;OPDB;Y;Y;Y;Y;N;;FX;TBB;NO;;;;;23.85;21.36;78.00;0.00;0.00;221.00;0.00;2;1984-11-16;MFL;;;;1984-01-01
BEL;BEL030801984;8529167;MOD;2004-09-24;2015-04-01;080;Z.80;SILVERPIT;ZEEBR;OPDB;Y;Y;Y;Y;N;;FX;TBB;NO;;;;;23.85;21.36;78.00;0.00;0.00;221.00;0.00;2;1984-11-16;MFL;;;;1984-01-01
BEL;BEL030801984;8529167;MOD;2015-04-02;2020-01-14;080;Z.80;SILVERPIT;ZEEBR;OPDB;Y;Y;Y;Y;N;;FX;TBB;NO;;;;;23.85;21.36;78.00;0.00;0.00;221.00;0.00;2;1984-11-16;MFL;;;;1984-01-01
BEL;BEL030801984;8529167;MOD;2020-01-15;2020-09-09;080;Z.80;SILVERPIT;ZEEBR;OPDB;Y;Y;Y;Y;N;;FX;TBB;NO;;;;;23.85;21.36;78.00;0.00;0.00;221.00;0.00;2;1984-11-16;MFL;;;;1984-01-01
BEL;BEL030801984;8529167;MOD;2020-09-10;2021-01-17;080;Z.80;SILVERPIT;ZEEBR;OPDB;Y;Y;Y;Y;Y;205290000;FX;TBB;NO;;;;;23.85;21.36;78.00;0.00;0.00;221.00;0.00;2;1984-11-16;MFL;;;;1984-01-01
BEL;BEL030801984;8529167;MOD;2021-01-18;2100-12-31;080;Z.80;SILVERPIT;BEZEE;OPDB;Y;Y;Y;Y;Y;205290000;FX;TBB;NO;;;;;23.85;21.36;78.00;0.00;0.00;221.00;0.00;2;1984-11-16;MFL;;;;1984-01-01
BEL;BEL030821997;8523412;CST;1997-04-11;1997-10-07;082;Z.82;NAUTILUS;ZEEBR;OPDD;Y;N;Y;Y;N;;FX;TBB;NO;;;;;18.14;16.45;55.00;0.00;0.00;221.00;0.00;2;1997-04-11;4A1;;;;1997-01-01
BEL;BEL030821997;8523412;MOD;1997-10-08;2002-12-31;082;O.82;NAUTILUS;OOSTE;OPDD;Y;Y;Y;Y;N;;FX;TBB;NO;;;;;18.14;16.45;55.00;0.00;0.00;221.00;0.00;2;1997-04-11;4A1;;;;1997-01-01
BEL;BEL030821997;8523412;MOD;2003-01-01;2006-03-28;082;O.82;NAUTILUS;OOSTE;OPDD;Y;Y;Y;Y;N;;FX;TBB;NO;;;;;18.14;16.45;55.00;0.00;0.00;221.00;0.00;2;1997-04-11;MFL;;;;1997-01-01
BEL;BEL030821997;8523412;MOD;2006-03-29;2017-01-22;082;O.82;NAUTILUS;OOSTE;OPDD;Y;Y;Y;Y;N;;FX;TBB;OTB;;;;;18.14;16.45;55.00;0.00;0.00;221.00;0.00;2;1997-04-11;MFL;;;;1997-01-01
BEL;BEL030821997;8523412;MOD;2017-01-23;2020-06-17;082;O.82;NAUTILUS;OOSTE;OPDD;Y;Y;Y;Y;N;;FX;TBB;OTB;;;;;18.14;16.45;55.00;0.00;0.00;221.00;0.00;2;1997-04-11;MFL;;;;1997-01-01
BEL;BEL030821997;8523412;MOD;2020-06-18;2020-09-09;082;N.82;NAUTILUS;NIEUW;OPDD;Y;Y;Y;Y;N;;FX;TBB;OTB;;;;;18.14;16.45;55.00;0.00;0.00;221.00;0.00;2;1997-04-11;MFL;;;;1997-01-01
BEL;BEL030821997;8523412;MOD;2020-09-10;2021-01-12;082;N.82;NAUTILUS;NIEUW;OPDD;Y;Y;Y;Y;Y;205026000;FX;TBB;OTB;;;;;18.14;16.45;55.00;0.00;0.00;221.00;0.00;2;1997-04-11;MFL;;;;1997-01-01
BEL;BEL030821997;8523412;MOD;2021-01-13;2100-12-31;082;N.82;NAUTILUS;BENIE;OPDD;Y;Y;Y;Y;Y;205026000;FX;TBB;OTB;;;;;18.14;16.45;55.00;0.00;0.00;221.00;0.00;2;1997-04-11;MFL;;;;1997-01-01
BEL;BEL030841981;;CEN;1989-01-01;1989-06-27;084;Z.84;DE KLAUWAERT;ZEEBR;OPDF;Y;Y;N;Y;N;;FX;TBB;NO;;;;;31.25;26.96;202.00;182.24;0.00;794.00;0.00;2;1981-02-16;ZEE;;;;1981-01-01
BEL;BEL030841981;;MOD;1989-06-28;1991-12-31;084;Z.84;DE KLAUWAERT;ZEEBR;OPDF;Y;Y;N;Y;N;;FX;TBB;NO;;;;;31.25;26.96;202.00;182.11;0.00;795.00;0.00;2;1981-02-16;ZEE;;;;1981-01-01
BEL;BEL030841981;;MOD;1992-01-01;1996-06-30;084;Z.84;DE KLAUWAERT;ZEEBR;OPDF;Y;Y;N;Y;N;;FX;TBB;NO;;;;;31.25;27.60;202.00;0.00;0.00;795.00;0.00;2;1981-02-16;E10;;;;1981-01-01
BEL;BEL030841981;;MOD;1996-07-01;1996-12-31;084;Z.84;DE KLAUWAERT;ZEEBR;OPDF;Y;Y;N;Y;N;;FX;TBB;NO;;;;;31.25;27.48;202.00;0.00;0.00;736.00;0.00;2;1981-02-16;E10;;;;1981-01-01
BEL;BEL030841981;;MOD;1997-01-01;2000-02-15;084;Z.84;DE KLAUWAERT;ZEEBR;OPDF;Y;Y;Y;Y;N;;FX;TBB;NO;;;;;31.25;27.48;202.00;0.00;0.00;736.00;0.00;2;1981-02-16;4A1;;;;1981-01-01
BEL;BEL030841981;;CHA;2002-03-14;2002-11-05;184;Z.184;LINQUENDA;ZEEBR;OPHB;Y;N;Y;Y;N;;FX;TBB;NO;;;;;31.25;27.48;202.00;0.00;0.00;736.00;0.00;2;1981-02-16;4A1;;;;1981-01-01
BEL;BEL030841981;;MOD;2002-11-06;2002-11-15;184;Z.184;LINQUENDA;ZEEBR;OPHB;Y;N;Y;Y;N;;FX;TBB;NO;;;;;31.25;27.48;202.00;0.00;0.00;570.00;0.00;2;1981-02-16;4A1;;;;1981-01-01
BEL;BEL030841981;;MOD;2002-11-16;2002-12-31;184;Z.184;LINQUENDA;ZEEBR;OPHB;Y;N;Y;Y;N;;FX;TBB;NO;;;;;31.25;27.48;202.00;0.00;0.00;684.00;0.00;2;1981-02-16;4A1;;;;1981-01-01
BEL;BEL030841981;;MOD;2003-01-01;2003-08-04;184;Z.184;LINQUENDA;ZEEBR;OPHB;Y;N;Y;Y;N;;FX;TBB;NO;;;;;31.25;27.48;202.00;0.00;0.00;684.00;0.00;2;1981-02-16;MFL;;;;1981-01-01
BEL;BEL030842004;;CST;2004-11-22;2006-06-22;184;Z.184;PASCAL I;ZEEBR;OPHB;Y;Y;Y;Y;N;;FX;TBB;NO;;;;;26.00;24.56;205.00;0.00;0.00;684.00;0.00;2;2004-11-22;MFL;;;PA;2004-01-01
BEL;BEL030851987;;CEN;1989-01-01;1991-12-31;085;Z.85;MORGENSTER;ZEEBR;OPDG;Y;Y;N;Y;N;;FX;TBB;NO;;;;;23.82;21.31;81.00;0.00;0.00;221.00;0.00;2;1987-06-11;ZEE;;;;1987-01-01
BEL;BEL030851987;;MOD;1992-01-01;1992-06-25;085;Z.85;MORGENSTER;ZEEBR;OPDG;Y;Y;N;Y;N;;FX;TBB;NO;;;;;23.82;21.31;82.00;0.00;0.00;221.00;0.00;2;1987-06-11;E10;;;;1987-01-01
BEL;BEL030851987;;MOD;1992-06-26;1996-12-31;085;Z.85;MORGENSTER;ZEEBR;OPDG;Y;Y;N;Y;N;;FX;TBB;NO;;;;;23.82;21.31;82.00;0.00;0.00;221.00;0.00;2;1987-06-11;C10;;;;1987-01-01
BEL;BEL030851987;;MOD;1997-01-01;1998-09-14;085;Z.85;MORGENSTER;ZEEBR;OPDG;Y;Y;Y;Y;N;;FX;TBB;NO;;;;;23.82;21.31;82.00;0.00;0.00;221.00;0.00;2;1987-06-11;4A1;;;;1987-01-01
BEL;BEL030851987;;MOD;1998-09-15;2002-12-31;085;Z.85;MORGENSTER;ZEEBR;OPDG;Y;Y;Y;Y;N;;FX;TBB;NO;;;;;23.82;21.31;82.00;0.00;0.00;221.00;0.00;2;1987-06-11;4A1;;;;1987-01-01
BEL;BEL030851987;;MOD;2003-01-01;2004-10-03;085;Z.85;MORGENSTER;ZEEBR;OPDG;Y;Y;Y;Y;N;;FX;TBB;NO;;;;;23.82;21.31;82.00;0.00;0.00;221.00;0.00;2;1987-06-11;MFL;;;;1987-01-01
BEL;BEL030851987;;MOD;2004-10-04;2008-04-15;085;Z.85;MORGENSTER;ZEEBR;OPDG;Y;Y;Y;Y;N;;FX;TBB;OTB;;;;;23.82;21.31;82.00;0.00;0.00;221.00;0.00;2;1987-06-11;MFL;;;;1987-01-01
BEL;BEL030851987;;MOD;2008-04-16;2010-02-14;085;Z.85;MORGENSTER;ZEEBR;OPDG;Y;Y;Y;Y;N;;FX;TBB;OTB;;;;;23.82;21.31;82.00;0.00;0.00;221.00;0.00;2;1987-06-11;MFL;;;;1987-01-01
BEL;BEL030851987;;MOD;2010-02-15;2012-09-02;085;Z.85;MORGENSTER;ZEEBR;OPDG;Y;Y;Y;Y;N;;FX;TBB;OTB;;;;;23.82;21.31;82.00;0.00;0.00;221.00;0.00;2;1987-06-11;MFL;;;;1987-01-01
BEL;BEL030851987;;MOD;2012-09-03;2016-07-30;085;Z.85;MORGENSTER;ZEEBR;OPDG;Y;Y;Y;Y;N;;FX;TBB;OTB;;;;;23.98;22.18;95.00;0.00;0.00;221.00;0.00;2;1987-06-11;MFL;;;;1987-01-01
BEL;BEL030861987;;CEN;1989-01-01;1991-12-31;086;Z.86;SURCOUF;ZEEBR;OPDH;Y;N;N;Y;N;;FX;TBB;NO;;;;;14.50;12.89;31.00;0.00;0.00;143.00;0.00;2;1987-06-16;ZEE;;;;1987-01-01
BEL;BEL030861987;;MOD;1992-01-01;1993-01-11;086;N.86;SURCOUF;NIEUW;OPDH;Y;Y;N;Y;N;;FX;TBB;NO;;;;;14.50;12.89;31.00;0.00;0.00;144.00;0.00;2;1987-06-16;E10;;;;1987-01-01
BEL;BEL030861987;;MOD;1993-01-12;1996-12-31;086;N.86;SURCOUF;NIEUW;OPDH;Y;Y;N;Y;N;;FX;TBB;NO;;;;;14.50;12.89;31.00;0.00;0.00;144.00;0.00;2;1987-06-16;C10;;;;1987-01-01
BEL;BEL030861987;;MOD;1997-01-01;1998-08-02;086;N.86;SURCOUF;NIEUW;OPDH;Y;Y;N;Y;N;;FX;TBB;NO;;;;;14.50;12.89;31.00;0.00;0.00;144.00;0.00;2;1987-06-16;4A1;;;;1987-01-01
BEL;BEL030861987;;MOD;1998-08-03;2002-12-31;086;N.86;SURCOUF;NIEUW;OPDH;Y;Y;N;Y;N;;FX;TBB;NO;;;;;14.50;12.89;31.00;0.00;0.00;144.00;0.00;2;1987-06-16;4A1;;;;1987-01-01
BEL;BEL030861987;;MOD;2003-01-01;2004-12-05;086;N.86;SURCOUF;NIEUW;OPDH;Y;Y;N;Y;N;;FX;TBB;NO;;;;;14.50;12.89;31.00;0.00;0.00;144.00;0.00;2;1987-06-16;MFL;;;;1987-01-01
BEL;BEL030861987;;MOD;2004-12-06;2006-03-30;086;N.86;SURCOUF;NIEUW;OPDH;Y;Y;N;Y;N;;FX;TBB;NO;;;;;14.50;12.89;31.00;0.00;0.00;221.00;0.00;2;1987-06-16;MFL;;;;1987-01-01
BEL;BEL030891982;8333582;CEN;1989-01-01;1989-06-01;089;Z.89;SANDRA;ZEEBR;OPDK;Y;N;N;Y;N;;FX;TBB;NO;;;;;33.53;28.75;222.00;198.58;0.00;735.00;0.00;2;1982-06-29;ZEE;;;;1982-01-01
BEL;BEL030891982;8333582;MOD;1989-06-02;1991-10-10;089;Z.89;SANDRA;ZEEBR;OPDK;Y;N;N;Y;N;;FX;TBB;NO;;;;;33.53;28.75;222.00;198.58;0.00;883.00;0.00;2;1982-06-29;ZEE;;;;1982-01-01
BEL;BEL030891982;8333582;MOD;1991-10-11;1991-12-09;089;Z.89;SANDRA;ZEEBR;OPDK;Y;N;N;Y;N;;FX;TBB;NO;;;;;33.53;29.22;222.00;0.00;0.00;850.00;0.00;2;1982-06-29;ZEE;;;;1982-01-01
BEL;BEL030891982;8333582;MOD;1991-12-10;1991-12-31;089;Z.89;SANDRA;ZEEBR;OPDK;Y;N;N;Y;N;;FX;TBB;NO;;;;;33.53;29.22;233.00;0.00;0.00;850.00;0.00;2;1982-06-29;ZEE;;;;1982-01-01
BEL;BEL030891982;8333582;MOD;1992-01-01;1996-12-31;089;O.89;SANDRA;OOSTE;OPDK;Y;Y;N;Y;N;;FX;TBB;NO;;;;;33.53;29.22;233.00;0.00;0.00;850.00;0.00;2;1982-06-29;E10;;;;1982-01-01
BEL;BEL030891982;8333582;MOD;1997-01-01;2002-12-31;089;O.89;SANDRA;OOSTE;OPDK;Y;Y;Y;Y;N;;FX;TBB;NO;;;;;33.53;29.22;233.00;0.00;0.00;850.00;0.00;2;1982-06-29;4A1;;;;1982-01-01
BEL;BEL030891982;8333582;MOD;2003-01-01;2006-02-27;089;O.89;SANDRA;OOSTE;OPDK;Y;Y;Y;Y;N;;FX;TBB;NO;;;;;33.53;29.22;233.00;0.00;0.00;850.00;0.00;2;1982-06-29;MFL;;;;1982-01-01
BEL;BEL030891982;8333582;MOD;2006-02-28;2007-03-21;089;O.89;SANDRA;OOSTE;OPDK;Y;Y;Y;Y;N;;FX;TBB;OTB;;;;;33.53;29.22;233.00;0.00;0.00;850.00;0.00;2;1982-06-29;MFL;;;;1982-01-01
BEL;BEL030891982;8333582;MOD;2007-03-22;2008-07-24;089;O.89;SANDRA;OOSTE;OPDK;Y;Y;Y;Y;N;;FX;TBB;OTB;;;;;33.53;29.22;233.00;0.00;0.00;1026.00;0.00;2;1982-06-29;MFL;;;;1982-01-01
BEL;BEL030891982;8333582;MOD;2008-07-25;2014-10-12;089;O.89;SANDRA;OOSTE;OPDK;Y;Y;Y;Y;N;;FX;TBB;DRB;;;;;33.53;29.22;233.00;0.00;0.00;1026.00;0.00;2;1982-06-29;MFL;;;;1982-01-01
BEL;BEL030891982;8333582;MOD;2014-10-13;2017-03-20;089;O.89;SANDRA;OOSTE;OPDK;Y;Y;Y;Y;N;;FX;TBB;NO;;;;;33.53;29.22;233.00;0.00;0.00;1026.00;0.00;2;1982-06-29;MFL;;;;1982-01-01
BEL;BEL030901982;8401937;CEN;1989-01-01;1991-12-31;090;Z.90;OOSTHINDER;ZEEBR;OPDL;Y;Y;N;Y;N;;FX;TBB;NO;;;;;34.90;31.50;274.00;0.00;0.00;882.00;0.00;2;1983-09-21;ZEE;;;;1982-01-01
BEL;BEL030901982;8401937;MOD;1992-01-01;1996-12-31;090;Z.90;OOSTHINDER;ZEEBR;OPDL;Y;Y;N;Y;N;;FX;TBB;NO;;;;;34.90;30.87;274.00;0.00;0.00;703.00;0.00;2;1983-09-21;E10;;;;1982-01-01
BEL;BEL030901982;8401937;MOD;1997-01-01;2000-07-31;090;Z.90;OOSTHINDER;ZEEBR;OPDL;Y;Y;Y;Y;N;;FX;TBB;NO;;;;;34.90;30.87;274.00;0.00;0.00;703.00;0.00;2;1983-09-21;4A1;;;;1982-01-01
BEL;BEL030901982;8401937;MOD;2000-08-01;2002-12-31;090;Z.90;OOSTHINDER;ZEEBR;OPDL;Y;Y;Y;Y;N;;FX;TBB;NO;;;;;37.88;33.75;311.00;0.00;0.00;953.00;0.00;2;1983-09-21;4A1;;;;1982-01-01
BEL;BEL030901982;8401937;MOD;2003-01-01;2006-10-19;090;Z.90;OOSTHINDER;ZEEBR;OPDL;Y;Y;Y;Y;N;;FX;TBB;NO;;;;;37.88;33.75;311.00;0.00;0.00;953.00;0.00;2;1983-09-21;MFL;;;;1982-01-01
BEL;BEL030901982;8401937;MOD;2006-10-20;2007-10-28;090;Z.90;OOSTHINDER;ZEEBR;OPDL;Y;Y;Y;Y;N;;FX;TBB;NO;;;;;37.88;33.75;311.00;0.00;0.00;953.00;0.00;2;1983-09-21;MFL;;;;1982-01-01
BEL;BEL030901982;8401937;MOD;2007-10-29;2011-05-01;090;Z.90;OOSTHINDER;ZEEBR;OPDL;Y;Y;Y;Y;N;;FX;TBB;NO;;;;;37.88;33.75;311.00;0.00;0.00;1101.00;0.00;2;1983-09-21;MFL;;;;1982-01-01
BEL;BEL030901982;8401937;MOD;2011-05-02;2012-01-24;090;Z.90;FRANCINE;ZEEBR;OPDL;Y;Y;Y;Y;N;;FX;TBB;NO;;;;;37.88;33.75;311.00;0.00;0.00;1101.00;0.00;2;1983-09-21;MFL;;;;1982-01-01
BEL;BEL030901982;8401937;MOD;2012-01-25;2012-02-06;090;Z.90;FRANCINE;ZEEBR;OPDL;Y;Y;Y;Y;N;;FX;TBB;NO;;;;;37.88;33.75;311.00;0.00;0.00;1200.00;0.00;2;1983-09-21;MFL;;;;1982-01-01
BEL;BEL030901982;8401937;MOD;2012-02-07;2020-06-30;090;Z.90;FRANCINE;ZEEBR;OPDL;Y;Y;Y;Y;N;;FX;TBB;NO;;;;;37.88;33.75;311.00;0.00;0.00;1080.00;0.00;2;1983-09-21;MFL;;;;1982-01-01
BEL;BEL030901982;8401937;MOD;2020-07-01;2020-09-09;090;Z.90;FRANCINE;ZEEBR;OPDL;Y;Y;Y;Y;N;;FX;TBB;NO;;;;;37.88;33.75;311.00;0.00;0.00;1200.00;0.00;2;1983-09-21;MFL;;;;1982-01-01
BEL;BEL030901982;8401937;MOD;2020-09-10;2021-01-11;090;Z.90;FRANCINE;ZEEBR;OPDL;Y;Y;Y;Y;Y;205197000;FX;TBB;NO;;;;;37.88;33.75;311.00;0.00;0.00;1200.00;0.00;2;1983-09-21;MFL;;;;1982-01-01
BEL;BEL030901982;8401937;MOD;2021-01-12;2100-12-31;090;Z.90;FRANCINE;BEZEE;OPDL;Y;Y;Y;Y;Y;205197000;FX;TBB;NO;;;;;37.88;33.75;311.00;0.00;0.00;1200.00;0.00;2;1983-09-21;MFL;;;;1982-01-01
BEL;BEL030911985;;CEN;1989-01-01;1991-12-31;091;Z.91;NOORDHINDER;ZEEBR;OPDM;Y;Y;N;Y;N;;FX;TBB;NO;;;;;34.90;31.50;274.00;0.00;0.00;882.00;0.00;2;1985-04-11;ZEE;;;;1985-01-01
BEL;BEL030911985;;MOD;1992-01-01;1996-12-31;091;Z.91;NOORDHINDER;ZEEBR;OPDM;Y;Y;N;Y;N;;FX;TBB;NO;;;;;34.90;30.87;274.00;0.00;0.00;883.00;0.00;2;1985-04-11;E10;;;;1985-01-01
BEL;BEL030911985;;MOD;1997-01-01;1999-11-15;091;Z.91;NOORDHINDER;ZEEBR;OPDM;Y;Y;Y;Y;N;;FX;TBB;NO;;;;;34.90;30.87;274.00;0.00;0.00;883.00;0.00;2;1985-04-11;4A1;;;;1985-01-01
BEL;BEL030911985;;MOD;1999-11-16;2000-01-25;091;Z.91;NOORDHINDER;ZEEBR;OPDM;Y;Y;Y;Y;N;;FX;TBB;NO;;;;;37.88;33.75;311.00;0.00;0.00;883.00;0.00;2;1985-04-11;4A1;;;;1985-01-01
BEL;BEL030911985;;MOD;2000-01-26;2002-12-31;091;Z.91;NOORDHINDER;ZEEBR;OPDM;Y;Y;Y;Y;N;;FX;TBB;NO;;;;;37.88;33.75;311.00;0.00;0.00;957.00;0.00;2;1985-04-11;4A1;;;;1985-01-01
BEL;BEL030911985;;MOD;2003-01-01;2006-10-16;091;Z.91;NOORDHINDER;ZEEBR;OPDM;Y;Y;Y;Y;N;;FX;TBB;NO;;;;;37.88;33.75;311.00;0.00;0.00;957.00;0.00;2;1985-04-11;MFL;;;;1985-01-01
BEL;BEL030921980;;CEN;1989-01-01;1991-12-31;092;Z.92;LUNDY GANNET;ZEEBR;OPDN;Y;Y;N;Y;N;;FX;TBB;NO;;;;;34.54;30.85;286.00;260.32;0.00;882.00;0.00;2;1980-09-18;ZEE;;;;1980-01-01
BEL;BEL030921980;;MOD;1992-01-01;1996-04-17;092;Z.92;LUNDY GANNET;ZEEBR;OPDN;Y;Y;N;Y;N;;FX;TBB;NO;;;;;34.54;31.22;286.00;0.00;0.00;882.00;0.00;2;1980-09-18;E10;;;;1980-01-01
BEL;BEL030921980;;MOD;1996-04-18;1996-12-31;092;Z.92;LUNDY GANNET;ZEEBR;OPDN;Y;Y;N;Y;N;;FX;TBB;NO;;;;;34.54;30.84;286.00;0.00;0.00;883.00;0.00;2;1980-09-18;E10;;;;1980-01-01
BEL;BEL030921980;;MOD;1997-01-01;2002-12-31;092;Z.92;LUNDY GANNET;ZEEBR;OPDN;Y;Y;Y;Y;N;;FX;TBB;NO;;;;;34.54;30.84;286.00;0.00;0.00;883.00;0.00;2;1980-09-18;4A1;;;;1980-01-01
BEL;BEL030921980;;MOD;2003-01-01;2003-12-03;092;Z.92;LUNDY GANNET;ZEEBR;OPDN;Y;Y;Y;Y;N;;FX;TBB;NO;;;;;34.54;30.84;286.00;0.00;0.00;883.00;0.00;2;1980-09-18;MFL;;;;1980-01-01
BEL;BEL030921980;;MOD;2003-12-04;2005-01-06;092;Z.92;AUDE AUDENDA;ZEEBR;OPDN;Y;Y;Y;Y;N;;FX;TBB;NO;;;;;34.54;30.84;286.00;0.00;0.00;883.00;0.00;2;1980-09-18;MFL;;;;1980-01-01
BEL;BEL030921980;;MOD;2005-01-07;2006-09-27;092;Z.92;YENTL;ZEEBR;OPDN;Y;Y;Y;Y;N;;FX;TBB;NO;;;;;34.54;30.84;286.00;0.00;0.00;883.00;0.00;2;1980-09-18;MFL;;;;1980-01-01
BEL;BEL030931986;8529155;CEN;1989-01-01;1991-12-31;093;Z.93;AALSCHOLVER;ZEEBR;OPDO;Y;N;N;Y;N;;FX;TBB;NO;;;;;21.08;18.00;67.00;0.00;0.00;220.00;0.00;2;1986-03-11;ZEE;;;;1986-01-01
BEL;BEL030931986;8529155;MOD;1992-01-01;1996-12-31;093;Z.93;AALSCHOLVER;ZEEBR;OPDO;Y;N;N;Y;N;;FX;TBB;NO;;;;;21.08;18.00;67.00;0.00;0.00;220.00;0.00;2;1986-03-11;E10;;;;1986-01-01
BEL;BEL030931986;8529155;MOD;1997-01-01;1999-04-13;093;Z.93;AALSCHOLVER;ZEEBR;OPDO;Y;N;Y;Y;N;;FX;TBB;NO;;;;;21.08;18.00;67.00;0.00;0.00;220.00;0.00;2;1986-03-11;4A1;;;;1986-01-01
BEL;BEL030931986;8529155;MOD;1999-04-14;2002-12-31;093;N.93;AALSCHOLVER;NIEUW;OPDO;Y;Y;Y;Y;N;;FX;TBB;NO;;;;;21.08;18.68;67.00;0.00;0.00;220.00;0.00;2;1986-03-11;4A1;;;;1986-01-01
BEL;BEL030931986;8529155;MOD;2003-01-01;2006-03-29;093;N.93;AALSCHOLVER;NIEUW;OPDO;Y;Y;Y;Y;N;;FX;TBB;NO;;;;;21.08;18.68;67.00;0.00;0.00;220.00;0.00;2;1986-03-11;MFL;;;;1986-01-01
BEL;BEL030931986;8529155;MOD;2006-03-30;2007-04-03;093;N.93;AALSCHOLVER;NIEUW;OPDO;Y;Y;Y;Y;N;;FX;TBB;OTB;;;;;21.08;18.68;67.00;0.00;0.00;220.00;0.00;2;1986-03-11;MFL;;;;1986-01-01
BEL;BEL030931986;8529155;MOD;2007-04-04;2015-01-21;093;N.93;AALSCHOLVER;NIEUW;OPDO;Y;Y;Y;Y;N;;FX;TBB;OTB;;;;;21.08;18.68;67.00;0.00;0.00;220.00;0.00;2;1986-03-11;MFL;;;;1986-01-01
BEL;BEL030931986;8529155;MOD;2015-01-22;2018-01-30;093;N.93;AALSCHOLVER;NIEUW;OPDO;Y;Y;Y;Y;N;;FX;GNS;NO;;;;;21.08;18.68;67.00;0.00;0.00;220.00;0.00;2;1986-03-11;MFL;;;;1986-01-01
BEL;BEL030931986;8529155;MOD;2018-01-31;2020-09-09;093;N.93;AALSCHOLVER;NIEUW;OPDO;Y;Y;Y;Y;N;;FX;GNS;OTB;;;;;21.08;18.68;67.00;0.00;0.00;220.00;0.00;2;1986-03-11;MFL;;;;1986-01-01
BEL;BEL030931986;8529155;MOD;2020-09-10;2021-01-17;093;N.93;AALSCHOLVER;NIEUW;OPDO;Y;Y;Y;Y;Y;205307000;FX;GNS;OTB;;;;;21.08;18.68;67.00;0.00;0.00;220.00;0.00;2;1986-03-11;MFL;;;;1986-01-01
BEL;BEL030931986;8529155;MOD;2021-01-18;2100-12-31;093;N.93;AALSCHOLVER;BENIE;OPDO;Y;Y;Y;Y;Y;205307000;FX;GNS;OTB;;;;;21.08;18.68;67.00;0.00;0.00;220.00;0.00;2;1986-03-11;MFL;;;;1986-01-01
BEL;BEL030961986;;CEN;1989-01-01;1991-12-31;096;Z.96;JAN VAN GENT;ZEEBR;OPDR;Y;Y;N;Y;N;;FX;TBB;NO;;;;;37.15;32.40;366.00;0.00;0.00;880.00;0.00;2;1986-04-17;ZEE;;;;1986-01-01
BEL;BEL030961986;;MOD;1992-01-01;1996-12-31;096;Z.96;JAN VAN GENT;ZEEBR;OPDR;Y;Y;Y;Y;N;;FX;TBB;NO;;;;;37.15;32.40;366.00;0.00;0.00;880.00;0.00;2;1986-04-17;E10;;;;1986-01-01
BEL;BEL030961986;;MOD;1997-01-01;2000-01-18;096;Z.96;JAN VAN GENT;ZEEBR;OPDR;Y;Y;Y;Y;N;;FX;TBB;NO;;;;;37.15;32.40;366.00;0.00;0.00;880.00;0.00;2;1986-04-17;4A1;;;;1986-01-01
BEL;BEL030961986;;MOD;2000-01-19;2002-12-31;096;Z.96;JAN VAN GENT;ZEEBR;OPDR;Y;Y;Y;Y;N;;FX;TBB;NO;;;;;37.15;32.40;366.00;0.00;0.00;957.00;0.00;2;1986-04-17;4A1;;;;1986-01-01
BEL;BEL030961986;;MOD;2003-01-01;2006-02-09;096;Z.96;JAN VAN GENT;ZEEBR;OPDR;Y;Y;Y;Y;N;;FX;TBB;NO;;;;;37.15;32.40;366.00;0.00;0.00;957.00;0.00;2;1986-04-17;MFL;;;;1986-01-01
BEL;BEL030961986;;MOD;2006-02-10;2006-04-25;096;Z.96;JAN VAN GENT;ZEEBR;OPDR;Y;Y;Y;Y;N;;FX;TBB;NO;;;;;37.15;32.73;366.00;0.00;0.00;957.00;0.00;2;1986-04-17;MFL;;;;1986-01-01
BEL;BEL030961986;;MOD;2006-04-26;2007-10-28;096;Z.96;JAN VAN GENT;ZEEBR;OPDR;Y;Y;Y;Y;N;;FX;TBB;NO;;;;;37.15;32.73;366.00;0.00;0.00;1178.00;0.00;2;1986-04-17;MFL;;;;1986-01-01
BEL;BEL030961986;;MOD;2007-10-29;2010-09-20;096;Z.96;JAN VAN GENT;ZEEBR;OPDR;Y;Y;Y;Y;N;;FX;TBB;NO;;;;;37.15;32.73;366.00;0.00;0.00;1200.00;0.00;2;1986-04-17;MFL;;;;1986-01-01
BEL;BEL030961986;;MOD;2010-09-21;2011-07-28;096;Z.96;JAN VAN GENT;ZEEBR;OPDR;Y;Y;Y;Y;N;;FX;TBB;NO;;;;;37.15;32.73;366.00;0.00;0.00;1200.00;0.00;2;1986-04-17;MFL;;;;1986-01-01
BEL;BEL030971986;;CEN;1989-01-01;1991-12-31;097;Z.97;CLEOPATRA;ZEEBR;OPDS;Y;N;N;Y;N;;FX;TBB;NO;;;;;34.90;24.30;273.00;0.00;0.00;882.00;0.00;2;1986-04-18;ZEE;;;;1986-01-01
BEL;BEL030971986;;MOD;1992-01-01;1994-01-21;097;Z.97;CLEOPATRA;ZEEBR;OPDS;Y;N;N;Y;N;;FX;TBB;NO;;;;;34.90;30.87;273.00;0.00;0.00;882.00;0.00;2;1986-04-18;E10;;;;1986-01-01
BEL;BEL030971994;9109794;CST;1994-06-24;1996-12-22;097;Z.97;JEANNE;ZEEBR;OPDS;Y;N;N;Y;N;;FX;TBB;NO;;;;;37.72;32.98;396.00;0.00;0.00;794.00;0.00;2;1994-06-24;E10;;;;1994-01-01
BEL;BEL030971994;9109794;MOD;1996-12-23;1996-12-31;097;Z.97;JEANNE;ZEEBR;OPDS;Y;N;N;Y;N;;FX;TBB;NO;;;;;37.72;32.98;396.00;0.00;0.00;873.00;0.00;2;1994-06-24;E10;;;;1994-01-01
BEL;BEL030971994;9109794;MOD;1997-01-01;2002-12-31;097;Z.97;JEANNE;ZEEBR;OPDS;Y;N;Y;Y;N;;FX;TBB;NO;;;;;37.72;32.98;396.00;0.00;0.00;873.00;0.00;2;1994-06-24;4A1;;;;1994-01-01
BEL;BEL030971994;9109794;MOD;2003-01-01;2003-07-08;097;Z.97;JEANNE;ZEEBR;OPDS;Y;N;Y;Y;N;;FX;TBB;NO;;;;;37.72;32.98;396.00;0.00;0.00;873.00;0.00;2;1994-06-24;MFL;;;;1994-01-01
BEL;BEL030971994;9109794;MOD;2003-07-09;2003-11-17;548;Z.548;FLAMINGO;ZEEBR;OPVR;Y;Y;Y;Y;N;;FX;TBB;NO;;;;;37.72;32.98;396.00;0.00;0.00;873.00;0.00;2;1994-06-24;MFL;;;;1994-01-01
BEL;BEL030971994;9109794;MOD;2003-11-18;2006-03-02;548;Z.548;FLAMINGO;ZEEBR;OPVR;Y;Y;Y;Y;N;;FX;TBB;NO;;;;;37.72;32.98;396.00;0.00;0.00;957.00;0.00;2;1994-06-24;MFL;;;;1994-01-01
BEL;BEL030971994;9109794;MOD;2006-03-03;2008-11-13;548;Z.548;FLAMINGO;ZEEBR;OPVR;Y;Y;Y;Y;N;;FX;TBB;OTB;;;;;37.72;32.98;396.00;0.00;0.00;957.00;0.00;2;1994-06-24;MFL;;;;1994-01-01
BEL;BEL030971994;9109794;MOD;2008-11-14;2011-05-31;548;Z.548;FLAMINGO;ZEEBR;OPVR;Y;Y;Y;Y;N;;FX;TBB;OTB;;;;;37.72;32.98;396.00;0.00;0.00;1178.00;0.00;2;1994-06-24;MFL;;;;1994-01-01
BEL;BEL030971994;9109794;MOD;2011-06-01;2020-04-29;548;Z.548;FLAMINGO;ZEEBR;OPVR;Y;Y;Y;Y;N;;FX;TBB;OTB;;;;;37.72;32.98;396.00;0.00;0.00;942.00;0.00;2;1994-06-24;MFL;;;;1994-01-01
BEL;BEL030971994;9109794;MOD;2020-04-30;2020-06-30;548;Z.548;FLAMINGO;ZEEBR;OPVR;Y;Y;Y;Y;N;;FX;TBB;OTB;;;;;37.72;32.98;396.00;0.00;0.00;942.00;0.00;2;1994-06-24;MFL;;;;1994-01-01
BEL;BEL030971994;9109794;MOD;2020-07-01;2020-09-09;548;Z.548;FLAMINGO;ZEEBR;OPVR;Y;Y;Y;Y;N;;FX;TBB;OTB;;;;;37.72;32.98;396.00;0.00;0.00;1064.00;0.00;2;1994-06-24;MFL;;;;1994-01-01
BEL;BEL030971994;9109794;MOD;2020-09-10;2021-01-12;548;Z.548;FLAMINGO;ZEEBR;OPVR;Y;Y;Y;Y;Y;205333000;FX;TBB;OTB;;;;;37.72;32.98;396.00;0.00;0.00;1064.00;0.00;2;1994-06-24;MFL;;;;1994-01-01
BEL;BEL030971994;9109794;MOD;2021-01-13;2100-12-31;548;Z.548;FLAMINGO;BEZEE;OPVR;Y;Y;Y;Y;Y;205333000;FX;TBB;OTB;;;;;37.72;32.98;396.00;0.00;0.00;1064.00;0.00;2;1994-06-24;MFL;;;;1994-01-01
BEL;BEL030981970;;CEN;1989-01-01;1989-10-19;098;Z.98;OP HOOP VAN ZEGEN;ZEEBR;OPDT;Y;Y;N;Y;N;;FX;TBB;NO;;;;;30.57;27.00;0.00;156.49;0.00;662.00;0.00;2;1970-07-01;ZEE;;;;1970-01-01
BEL;BEL030981991;9019456;CST;1991-05-23;1991-12-31;098;Z.98;OP HOOP VAN ZEGEN;ZEEBR;OPDT;Y;Y;N;Y;N;;FX;TBB;NO;;;;;33.67;30.18;273.00;0.00;0.00;596.00;0.00;2;1991-05-23;ZEE;;;;1991-01-01
BEL;BEL030981991;9019456;MOD;1992-01-01;1996-12-31;098;Z.98;OP HOOP VAN ZEGEN;ZEEBR;OPDT;Y;Y;Y;Y;N;;FX;TBB;NO;;;;;33.67;30.18;273.00;0.00;0.00;596.00;0.00;2;1991-05-23;E10;;;;1991-01-01
BEL;BEL030981991;9019456;MOD;1997-01-01;1997-03-17;098;Z.98;OP HOOP VAN ZEGEN;ZEEBR;OPDT;Y;Y;Y;Y;N;;FX;TBB;NO;;;;;33.67;30.18;273.00;0.00;0.00;596.00;0.00;2;1991-05-23;4A1;;;;1991-01-01
BEL;BEL030981991;9019456;MOD;1997-03-18;2002-01-31;098;Z.98;OP HOOP VAN ZEGEN;ZEEBR;OPDT;Y;Y;Y;Y;N;;FX;TBB;NO;;;;;33.67;30.18;273.00;0.00;0.00;750.00;0.00;2;1991-05-23;4A1;;;;1991-01-01
BEL;BEL030981991;9019456;MOD;2002-02-01;2002-12-31;098;Z.98;OP HOOP VAN ZEGEN;ZEEBR;OPDT;Y;Y;Y;Y;N;;FX;TBB;NO;;;;;33.67;30.18;273.00;0.00;0.00;903.00;0.00;2;1991-05-23;4A1;;;;1991-01-01
BEL;BEL030981991;9019456;MOD;2003-01-01;2006-03-23;098;Z.98;OP HOOP VAN ZEGEN;ZEEBR;OPDT;Y;Y;Y;Y;N;;FX;TBB;NO;;;;;33.67;30.18;273.00;0.00;0.00;903.00;0.00;2;1991-05-23;MFL;;;;1991-01-01
BEL;BEL030981991;9019456;MOD;2006-03-24;2010-10-27;098;Z.98;OP HOOP VAN ZEGEN;ZEEBR;OPDT;Y;Y;Y;Y;N;;FX;TBB;NO;;;;;33.67;30.18;273.00;0.00;0.00;1124.00;0.00;2;1991-05-23;MFL;;;;1991-01-01
BEL;BEL030981991;9019456;MOD;2010-10-28;2012-01-24;098;Z.98;OP HOOP VAN ZEGEN;ZEEBR;OPDT;Y;Y;Y;Y;N;;FX;TBB;NO;;;;;33.67;30.18;273.00;0.00;0.00;899.00;0.00;2;1991-05-23;MFL;;;;1991-01-01
BEL;BEL030981991;9019456;MOD;2012-01-25;2012-02-02;098;Z.98;OP HOOP VAN ZEGEN;ZEEBR;OPDT;Y;Y;Y;Y;N;;FX;TBB;NO;;;;;33.67;30.18;273.00;0.00;0.00;1121.00;0.00;2;1991-05-23;MFL;;;;1991-01-01
BEL;BEL030981991;9019456;MOD;2012-02-03;2020-09-09;098;Z.98;OP HOOP VAN ZEGEN;ZEEBR;OPDT;Y;Y;Y;Y;N;;FX;TBB;NO;;;;;33.67;30.18;273.00;0.00;0.00;1200.00;0.00;2;1991-05-23;MFL;;;;1991-01-01
BEL;BEL030981991;9019456;MOD;2020-09-10;2021-01-10;098;Z.98;OP HOOP VAN ZEGEN;ZEEBR;OPDT;Y;Y;Y;Y;Y;205160000;FX;TBB;NO;;;;;33.67;30.18;273.00;0.00;0.00;1200.00;0.00;2;1991-05-23;MFL;;;;1991-01-01
BEL;BEL030981991;9019456;MOD;2021-01-11;2100-12-31;098;Z.98;OP HOOP VAN ZEGEN;BEZEE;OPDT;Y;Y;Y;Y;Y;205160000;FX;TBB;NO;;;;;33.67;30.18;273.00;0.00;0.00;1200.00;0.00;2;1991-05-23;MFL;;;;1991-01-01
BEL;BEL030991975;;CEN;1989-01-01;1989-12-26;099;Z.99;TERRA NOVA;ZEEBR;OPDU;Y;Y;N;Y;N;;FX;TBB;NO;;;;;33.53;28.75;0.00;199.60;0.00;735.00;0.00;2;1975-05-16;ZEE;;;;1975-01-01
BEL;BEL030991975;;MOD;1989-12-27;1991-06-14;099;Z.99;TERRA NOVA;ZEEBR;OPDU;Y;Y;N;Y;N;;FX;TBB;NO;;;;;33.53;28.75;0.00;199.60;0.00;880.00;0.00;2;1975-05-16;ZEE;;;;1975-01-01
BEL;BEL030991991;;CST;1991-10-18;1991-12-31;099;Z.99;TERRA NOVA;ZEEBR;OPDU;Y;Y;N;Y;N;;FX;TBB;NO;;;;;40.57;35.79;462.00;0.00;0.00;880.00;0.00;2;1991-10-18;ZEE;;;;1991-01-01
BEL;BEL030991991;;MOD;1992-01-01;1996-12-31;099;Z.99;TERRA NOVA;ZEEBR;OPDU;Y;Y;Y;Y;N;;FX;TBB;NO;;;;;40.57;35.79;462.00;0.00;0.00;880.00;0.00;2;1991-10-18;E10;;;;1991-01-01
BEL;BEL030991991;;MOD;1997-01-01;2000-01-12;099;Z.99;TERRA NOVA;ZEEBR;OPDU;Y;Y;Y;Y;N;;FX;TBB;NO;;;;;40.57;35.79;462.00;0.00;0.00;880.00;0.00;2;1991-10-18;4A1;;;;1991-01-01
BEL;BEL030991991;;MOD;2000-01-13;2002-12-31;099;Z.99;TERRA NOVA;ZEEBR;OPDU;Y;Y;Y;Y;N;;FX;TBB;NO;;;;;40.57;35.79;462.00;0.00;0.00;957.00;0.00;2;1991-10-18;4A1;;;;1991-01-01
BEL;BEL030991991;;MOD;2003-01-01;2006-09-06;099;Z.99;TERRA NOVA;ZEEBR;OPDU;Y;Y;Y;Y;N;;FX;TBB;NO;;;;;40.57;35.79;462.00;0.00;0.00;957.00;0.00;2;1991-10-18;MFL;;;;1991-01-01
BEL;BEL031051987;;CEN;1989-01-01;1991-12-31;105;Z.105;ATLAS;ZEEBR;OPEA;Y;Y;N;Y;N;;FX;TBB;NO;;;;;36.25;32.58;317.00;0.00;0.00;880.00;0.00;2;1987-12-05;ZEE;;;;1987-01-01
BEL;BEL031051987;;MOD;1992-01-01;1996-12-31;105;Z.105;ATLAS;ZEEBR;OPEA;Y;Y;Y;Y;N;;FX;TBB;NO;;;;;36.25;32.58;317.00;0.00;0.00;880.00;0.00;2;1987-12-05;E10;;;;1987-01-01
BEL;BEL031051987;;MOD;1997-01-01;2002-12-31;105;Z.105;ATLAS;ZEEBR;OPEA;Y;Y;Y;Y;N;;FX;TBB;NO;;;;;36.25;32.58;317.00;0.00;0.00;880.00;0.00;2;1987-12-05;4A1;;;;1987-01-01
BEL;BEL031051987;;MOD;2003-01-01;2004-01-25;105;Z.105;ATLAS;ZEEBR;OPEA;Y;Y;Y;Y;N;;FX;TBB;NO;;;;;36.25;32.58;317.00;0.00;0.00;880.00;0.00;2;1987-12-05;MFL;;;;1987-01-01
BEL;BEL031051987;;MOD;2004-01-26;2009-07-29;105;Z.105;ATLAS;ZEEBR;OPEA;Y;Y;Y;Y;N;;FX;TBB;NO;;;;;36.25;32.58;317.00;0.00;0.00;957.00;0.00;2;1987-12-05;MFL;;;;1987-01-01
BEL;BEL031211983;;CEN;1989-01-01;1991-12-31;121;Z.121;BARENTSZEE;ZEEBR;OPEQ;Y;Y;N;Y;N;;FX;TBB;NO;;;;;30.58;26.50;222.00;0.00;0.00;662.00;0.00;2;1984-01-16;ZEE;;;;1983-01-01
BEL;BEL031211983;;MOD;1992-01-01;1992-06-04;121;Z.121;BARENTSZEE;ZEEBR;OPEQ;Y;Y;N;Y;N;;FX;TBB;NO;;;;;30.58;26.50;222.00;0.00;0.00;662.00;0.00;2;1984-01-16;E10;;;;1983-01-01
BEL;BEL031211992;8871766;CST;1992-06-24;1995-07-19;121;Z.121;DEBORAH;ZEEBR;OPEQ;Y;Y;N;Y;N;;FX;TBB;NO;;;;;37.87;32.98;385.00;0.00;0.00;596.00;0.00;2;1992-06-24;E10;;;;1992-01-01
BEL;BEL031211992;8871766;MOD;1995-07-20;1996-12-31;121;Z.121;DEBORAH;ZEEBR;OPEQ;Y;Y;N;Y;N;;FX;TBB;NO;;;;;37.87;32.98;385.00;0.00;0.00;817.00;0.00;2;1992-06-24;E10;;;;1992-01-01
BEL;BEL031211992;8871766;MOD;1997-01-01;1999-12-12;121;Z.121;DEBORAH;ZEEBR;OPEQ;Y;Y;Y;Y;N;;FX;TBB;NO;;;;;37.87;32.98;385.00;0.00;0.00;817.00;0.00;2;1992-06-24;4A1;;;;1992-01-01
BEL;BEL031211992;8871766;MOD;1999-12-13;2002-12-31;121;Z.121;DEBORAH;ZEEBR;OPEQ;Y;Y;Y;Y;N;;FX;TBB;NO;;;;;37.87;32.98;385.00;0.00;0.00;957.00;0.00;2;1992-06-24;4A1;;;;1992-01-01
BEL;BEL031211992;8871766;MOD;2003-01-01;2006-05-17;121;Z.121;DEBORAH;ZEEBR;OPEQ;Y;Y;Y;Y;N;;FX;TBB;NO;;;;;37.87;32.98;385.00;0.00;0.00;957.00;0.00;2;1992-06-24;MFL;;;;1992-01-01
BEL;BEL031211992;8871766;MOD;2006-05-18;2009-12-21;121;Z.121;DEBORAH;ZEEBR;OPEQ;Y;Y;Y;Y;N;;FX;TBB;NO;;;;;37.87;32.98;385.00;0.00;0.00;1178.00;0.00;2;1992-06-24;MFL;;;;1992-01-01
BEL;BEL031211992;8871766;MOD;2009-12-22;2010-04-28;121;Z.121;DEBORAH;ZEEBR;OPEQ;Y;Y;Y;Y;N;;FX;TBB;NO;;;;;37.87;32.98;385.00;0.00;0.00;1200.00;0.00;2;1992-06-24;MFL;;;;1992-01-01
BEL;BEL031211992;8871766;MOD;2010-04-29;2017-08-08;121;Z.121;DEBORAH;ZEEBR;OPEQ;Y;Y;Y;Y;N;;FX;TBB;NO;;;;;37.87;32.98;385.00;0.00;0.00;1200.00;0.00;2;1992-06-24;MFL;;;;1992-01-01
BEL;BEL031211992;8871766;MOD;2017-08-09;2019-07-07;121;Z.121;DEBORAH;ZEEBR;OPEQ;Y;Y;Y;Y;N;;FX;TBB;NO;;;;;37.87;32.98;385.00;0.00;0.00;1200.00;0.00;2;1992-06-24;MFL;;;;1992-01-01
BEL;BEL031211992;8871766;MOD;2019-07-08;2020-09-09;121;Z.121;DEBORAH;ZEEBR;OPEQ;Y;Y;Y;Y;N;;FX;TBB;NO;;;;;37.87;32.98;385.00;0.00;0.00;1200.00;0.00;2;1992-06-24;MFL;;;;1992-01-01
BEL;BEL031211992;8871766;MOD;2020-09-10;2021-01-11;121;Z.121;DEBORAH;ZEEBR;OPEQ;Y;Y;Y;Y;Y;205162000;FX;TBB;NO;;;;;37.87;32.98;385.00;0.00;0.00;1200.00;0.00;2;1992-06-24;MFL;;;;1992-01-01
BEL;BEL031211992;8871766;MOD;2021-01-12;2100-12-31;121;Z.121;DEBORAH;BEZEE;OPEQ;Y;Y;Y;Y;Y;205162000;FX;TBB;NO;;;;;37.87;32.98;385.00;0.00;0.00;1200.00;0.00;2;1992-06-24;MFL;;;;1992-01-01
BEL;BEL031221985;;CEN;1989-01-01;1990-10-01;122;Z.122;NOORDSTER;ZEEBR;OPER;Y;Y;N;Y;N;;FX;TBB;NO;;;;;21.08;18.00;67.00;0.00;0.00;221.00;0.00;2;1985-05-31;ZEE;;;;1985-01-01
BEL;BEL031221985;;MOD;1990-10-02;1991-12-31;122;Z.122;NOORDSTER;ZEEBR;OPER;Y;Y;N;Y;N;;FX;TBB;NO;;;;;21.08;18.00;67.00;0.00;0.00;220.00;0.00;2;1985-05-31;ZEE;;;;1985-01-01
BEL;BEL031221985;;MOD;1992-01-01;1996-12-31;122;Z.122;NOORDSTER;ZEEBR;OPER;Y;Y;N;Y;N;;FX;TBB;NO;;;;;21.08;18.00;67.00;0.00;0.00;220.00;0.00;2;1985-05-31;E10;;;;1985-01-01
BEL;BEL031221985;;MOD;1997-01-01;1997-12-22;122;Z.122;NOORDSTER;ZEEBR;OPER;Y;Y;Y;Y;N;;FX;TBB;NO;;;;;21.08;18.00;67.00;0.00;0.00;220.00;0.00;2;1985-05-31;4A1;;;;1985-01-01
BEL;BEL031221985;;MOD;1997-12-23;2002-12-31;122;Z.122;NOORDSTER;ZEEBR;OPER;Y;Y;Y;Y;N;;FX;TBB;NO;;;;;23.78;21.41;84.00;0.00;0.00;220.00;0.00;2;1985-05-31;4A1;;;;1985-01-01
BEL;BEL031221985;;MOD;2003-01-01;2007-11-14;122;Z.122;NOORDSTER;ZEEBR;OPER;Y;Y;Y;Y;N;;FX;TBB;NO;;;;;23.78;21.41;84.00;0.00;0.00;220.00;0.00;2;1985-05-31;MFL;;;;1985-01-01
BEL;BEL031231964;;CEN;1989-01-01;1991-12-31;123;Z.123;ELDORADO;ZEEBR;OPES;Y;Y;N;Y;N;;FX;OTB;NO;;;;;27.20;24.30;99.00;98.39;0.00;276.00;0.00;2;1964-11-05;ZEE;;;;1964-01-01
BEL;BEL031231964;;MOD;1992-01-01;1996-12-31;123;Z.123;ELDORADO;ZEEBR;OPES;Y;Y;N;Y;N;;FX;OTB;NO;;;;;27.20;24.30;99.00;98.39;0.00;221.00;0.00;2;1964-11-05;E13;;;;1964-01-01
BEL;BEL031231964;;MOD;1997-01-01;1998-08-02;123;Z.123;ELDORADO;ZEEBR;OPES;Y;Y;Y;Y;N;;FX;OTB;NO;;;;;27.20;24.30;99.00;98.39;0.00;221.00;0.00;2;1964-11-05;4A2;;;;1964-01-01
BEL;BEL031231964;;MOD;1998-08-03;2000-06-21;123;Z.123;ELDORADO;ZEEBR;OPES;Y;Y;Y;Y;N;;FX;OTB;NO;;;;;27.20;24.30;99.00;0.00;0.00;221.00;0.00;2;1964-11-05;4A2;;;;1964-01-01
BEL;BEL031231992;;CHA;2002-07-29;2002-12-31;123;Z.123;FURY;ZEEBR;OPES;Y;Y;N;Y;N;;FX;TBB;NO;;;;;9.15;8.66;5.00;0.00;0.00;221.00;0.00;3;2002-07-29;4A1;;;;1992-01-01
BEL;BEL031231992;;MOD;2003-01-01;2006-02-15;123;Z.123;FURY;ZEEBR;OPES;Y;Y;N;Y;N;;FX;TBB;NO;;;;;9.15;8.66;5.00;0.00;0.00;221.00;0.00;3;2002-07-29;MFL;;;;1992-01-01
BEL;BEL031281966;;CEN;1989-01-01;1991-12-31;128;Z.128;REMBRANDT;ZEEBR;OPEX;Y;N;N;Y;N;;FX;OTB;NO;;;;;28.75;26.00;0.00;130.90;0.00;243.00;0.00;2;1966-06-17;ZEE;;;;1966-01-01
BEL;BEL031281966;;MOD;1992-01-01;1995-01-30;128;Z.128;REMBRANDT;ZEEBR;OPEX;Y;N;N;Y;N;;FX;OTB;NO;;;;;28.75;26.00;0.00;130.90;0.00;243.00;0.00;2;1966-06-17;E13;;;;1966-01-01
BEL;BEL031341966;;CEN;1989-01-01;1991-12-31;134;Z.134;MERCATOR;ZEEBR;OPFD;Y;N;N;Y;N;;FX;OTB;NO;;;;;28.75;26.40;0.00;130.90;0.00;243.00;0.00;2;1966-07-08;ZEE;;;;1966-01-01
BEL;BEL031341966;;MOD;1992-01-01;1993-12-30;134;Z.134;MERCATOR;ZEEBR;OPFD;Y;N;N;Y;N;;FX;OTB;NO;;;;;28.75;26.40;0.00;130.90;0.00;243.00;0.00;2;1966-07-08;E13;;;;1966-01-01
BEL;BEL031411964;;CEN;1989-01-01;1990-02-28;141;Z.141;SEA CROSSER;ZEEBR;OPFK;Y;N;N;Y;N;;FX;OTB;TBB;;;;;27.20;23.58;98.00;98.39;0.00;221.00;0.00;2;1964-05-19;ZEE;;;;1964-01-01
BEL;BEL031411964;;MOD;1990-03-01;1991-12-31;141;Z.141;SEA CROSSER;ZEEBR;OPFK;Y;N;N;Y;N;;FX;OTB;TBB;;;;;27.20;23.58;98.00;98.39;0.00;221.00;0.00;2;1964-05-19;ZEE;;;;1964-01-01
BEL;BEL031411964;;MOD;1992-01-01;1996-12-31;141;N.141;DON BOSCO;NIEUW;OPFK;Y;N;N;Y;N;;FX;TBB;OTB;;;;;27.20;23.58;98.00;0.00;0.00;221.00;0.00;2;1964-05-19;E10;;;;1964-01-01
BEL;BEL031411964;;MOD;1997-01-01;1999-02-10;141;N.141;DON BOSCO;NIEUW;OPFK;Y;N;Y;Y;N;;FX;TBB;OTB;;;;;27.20;23.58;98.00;0.00;0.00;221.00;0.00;2;1964-05-19;4A1;;;;1964-01-01
BEL;BEL031621974;;CEN;1989-01-01;1990-09-12;162;Z.162;VAN DYCK;ZEEBR;OPGF;Y;Y;N;Y;N;;FX;TBB;NO;;;;;33.53;28.75;0.00;199.77;0.00;735.00;0.00;2;1974-06-19;ZEE;;;;1974-01-01
BEL;BEL031621990;;CST;1991-01-17;1991-12-31;162;Z.162;VAN DYCK;ZEEBR;OPGF;Y;Y;N;Y;N;;FX;TBB;NO;;;;;37.00;32.78;386.00;0.00;0.00;662.00;0.00;2;1991-01-17;ZEE;;;;1990-01-01
BEL;BEL031621990;;MOD;1992-01-01;1996-12-31;162;Z.162;VAN DYCK;ZEEBR;OPGF;Y;Y;Y;Y;N;;FX;TBB;NO;;;;;37.00;32.78;386.00;0.00;0.00;662.00;0.00;2;1991-01-17;E10;;;;1990-01-01
BEL;BEL031621990;;MOD;1997-01-01;1998-09-08;162;Z.162;VAN DYCK;ZEEBR;OPGF;Y;Y;Y;Y;N;;FX;TBB;NO;;;;;37.00;32.78;386.00;0.00;0.00;662.00;0.00;2;1991-01-17;4A1;;;;1990-01-01
BEL;BEL031621990;;MOD;1998-09-09;2000-08-22;162;Z.162;VAN DIJCK;ZEEBR;OPGF;Y;Y;Y;Y;N;;FX;TBB;NO;;;;;37.00;32.78;386.00;0.00;0.00;883.00;0.00;2;1991-01-17;4A1;;;;1990-01-01
BEL;BEL031621990;;MOD;2000-08-23;2002-12-31;162;Z.162;VAN DIJCK;ZEEBR;OPGF;Y;Y;Y;Y;N;;FX;TBB;NO;;;;;37.00;32.78;386.00;0.00;0.00;957.00;0.00;2;1991-01-17;4A1;;;;1990-01-01
BEL;BEL031621990;;MOD;2003-01-01;2007-04-30;162;Z.162;VAN DIJCK;ZEEBR;OPGF;Y;Y;Y;Y;N;;FX;TBB;NO;;;;;37.00;32.78;386.00;0.00;0.00;957.00;0.00;2;1991-01-17;MFL;;;;1990-01-01
BEL;BEL031621990;;MOD;2007-05-01;2009-07-28;162;Z.162;VAN DIJCK;ZEEBR;OPGF;Y;Y;Y;Y;N;;FX;TBB;NO;;;;;37.00;32.78;386.00;0.00;0.00;1178.00;0.00;2;1991-01-17;MFL;;;;1990-01-01
BEL;BEL031831973;;CEN;1989-01-01;1991-12-31;183;Z.183;CHRISTOPHER;ZEEBR;OPHA;Y;Y;N;Y;N;;FX;TBB;NO;;;;;30.70;26.10;0.00;143.12;0.00;551.00;0.00;2;1973-08-10;ZEE;;;;1973-01-01
BEL;BEL031831973;;MOD;1992-01-01;1996-12-31;183;Z.183;CHRISTOPHER;ZEEBR;OPHA;Y;Y;N;Y;N;;FX;TBB;NO;;;;;30.70;26.90;140.00;0.00;0.00;551.00;0.00;2;1973-08-10;E10;;;;1973-01-01
BEL;BEL031831973;;MOD;1997-01-01;1997-07-05;183;Z.183;CHRISTOPHER;ZEEBR;OPHA;Y;Y;Y;Y;N;;FX;TBB;NO;;;;;30.70;26.90;140.00;0.00;0.00;551.00;0.00;2;1973-08-10;4A1;;;;1973-01-01
BEL;BEL031831973;;MOD;1997-07-06;2002-01-07;183;Z.183;CHRISTOPHER;ZEEBR;OPHA;Y;Y;Y;Y;N;;FX;TBB;NO;;;;;30.70;26.90;145.00;0.00;0.00;551.00;0.00;2;1973-08-10;4A1;;;;1973-01-01
BEL;BEL031831973;;MOD;2002-01-08;2002-12-31;183;Z.183;CHRISTOPHER;ZEEBR;OPHA;Y;Y;Y;Y;N;;FX;TBB;NO;;;;;30.70;26.90;147.00;0.00;0.00;552.00;0.00;2;1973-08-10;4A1;;;;1973-01-01
BEL;BEL031831973;;MOD;2003-01-01;2006-02-12;183;Z.183;CHRISTOPHER;ZEEBR;OPHA;Y;Y;Y;Y;N;;FX;TBB;NO;;;;;30.70;26.90;147.00;0.00;0.00;552.00;0.00;2;1973-08-10;MFL;;;;1973-01-01
BEL;BEL031831973;;MOD;2006-02-13;2008-10-15;183;Z.183;CHRISTOPHER;ZEEBR;OPHA;Y;Y;Y;Y;N;;FX;TBB;NO;;;;;30.70;26.76;147.00;0.00;0.00;552.00;0.00;2;1973-08-10;MFL;;;;1973-01-01
BEL;BEL031831973;;MOD;2008-10-16;2008-11-13;183;Z.183;CHRISTOPHER;ZEEBR;OPHA;Y;Y;Y;Y;N;;FX;TBB;NO;;;;;30.70;26.76;147.00;0.00;0.00;990.00;0.00;2;1973-08-10;MFL;;;;1973-01-01
BEL;BEL031851983;;CEN;1989-01-01;1991-12-31;185;Z.185;EMERALD STAR;ZEEBR;OPHC;Y;Y;N;Y;N;;FX;TBB;NO;;;;;36.92;33.40;297.00;0.00;0.00;882.00;0.00;2;1983-12-23;ZEE;;;;1983-01-01
BEL;BEL031851983;;MOD;1992-01-01;1996-12-31;185;Z.185;EMERALD STAR;ZEEBR;OPHC;Y;Y;N;Y;N;;FX;TBB;NO;;;;;36.92;34.02;296.00;0.00;0.00;882.00;0.00;2;1983-12-23;E10;;;;1983-01-01
BEL;BEL031851983;;MOD;1997-01-01;2002-12-31;185;Z.185;EMERALD STAR;ZEEBR;OPHC;Y;Y;Y;Y;N;;FX;TBB;NO;;;;;36.92;34.02;296.00;0.00;0.00;882.00;0.00;2;1983-12-23;4A1;;;;1983-01-01
BEL;BEL031851983;;MOD;2003-01-01;2006-08-20;185;Z.185;EMERALD STAR;ZEEBR;OPHC;Y;Y;Y;Y;N;;FX;TBB;NO;;;;;36.92;34.02;296.00;0.00;0.00;882.00;0.00;2;1983-12-23;MFL;;;;1983-01-01
BEL;BEL031861975;;CEN;1989-01-01;1990-09-12;186;Z.186;SHANNON;ZEEBR;OPHD;Y;Y;N;Y;N;;FX;TBB;NO;;;;;34.80;30.78;0.00;226.43;0.00;882.00;0.00;2;1975-10-03;ZEE;;;;1975-01-01
BEL;BEL031861991;;CST;1991-11-20;1991-12-31;186;Z.186;SHANNON;ZEEBR;OPHD;Y;Y;N;Y;N;;FX;TBB;NO;;;;;36.98;33.59;333.00;0.00;0.00;795.00;0.00;2;1991-11-20;ZEE;;;;1991-01-01
BEL;BEL031861991;;MOD;1992-01-01;1996-12-31;186;Z.186;SHANNON;ZEEBR;OPHD;Y;Y;Y;Y;N;;FX;TBB;NO;;;;;36.98;33.59;333.00;0.00;0.00;883.00;0.00;2;1991-11-20;E10;;;;1991-01-01
BEL;BEL031861991;;MOD;1997-01-01;2000-05-01;186;Z.186;SHANNON;ZEEBR;OPHD;Y;Y;Y;Y;N;;FX;TBB;NO;;;;;36.98;33.59;333.00;0.00;0.00;883.00;0.00;2;1991-11-20;4A1;;;;1991-01-01
BEL;BEL031861991;;MOD;2000-05-02;2002-12-31;186;Z.186;SHANNON;ZEEBR;OPHD;Y;Y;Y;Y;N;;FX;TBB;NO;;;;;36.98;33.59;333.00;0.00;0.00;957.00;0.00;2;1991-11-20;4A1;;;;1991-01-01
BEL;BEL031861991;;MOD;2003-01-01;2009-11-15;186;Z.186;SHANNON;ZEEBR;OPHD;Y;Y;Y;Y;N;;FX;TBB;NO;;;;;36.98;33.59;333.00;0.00;0.00;957.00;0.00;2;1991-11-20;MFL;;;;1991-01-01
BEL;BEL031891966;;CEN;1989-01-01;1991-12-31;189;Z.189;SHAMROCK;ZEEBR;OPHG;Y;N;N;Y;N;;FX;TBB;NO;;;;;29.20;26.21;0.00;111.07;0.00;309.00;0.00;2;1966-06-06;ZEE;;;;1966-01-01
BEL;BEL031891966;;MOD;1992-01-01;1992-12-27;189;Z.189;SHAMROCK;ZEEBR;OPHG;Y;N;N;Y;N;;FX;TBB;NO;;;;;29.20;26.21;0.00;111.07;0.00;309.00;0.00;2;1966-06-06;E10;;;;1966-01-01
BEL;BEL031961973;;CEN;1989-01-01;1991-12-31;196;Z.196;ZEEDUIVEL;ZEEBR;OPHN;Y;Y;N;Y;N;;FX;TBB;NO;;;;;31.35;27.00;189.00;153.64;0.00;588.00;0.00;2;1973-07-05;ZEE;;;;1973-01-01
BEL;BEL031961973;;MOD;1992-01-01;1993-08-25;196;Z.196;ZEEDUIVEL;ZEEBR;OPHN;Y;Y;N;Y;N;;FX;TBB;NO;;;;;31.35;28.00;189.00;0.00;0.00;589.00;0.00;2;1973-07-05;E10;;;;1973-01-01
BEL;BEL031961973;;MOD;1993-08-26;1996-12-31;196;Z.196;ZEEDUIVEL;ZEEBR;OPHN;Y;Y;N;Y;N;;FX;TBB;NO;;;;;31.35;28.00;189.00;0.00;0.00;552.00;0.00;2;1973-07-05;E10;;;;1973-01-01
BEL;BEL031961973;;MOD;1997-01-01;2002-01-31;196;Z.196;ZEEDUIVEL;ZEEBR;OPHN;Y;Y;Y;Y;N;;FX;TBB;NO;;;;;31.35;28.00;189.00;0.00;0.00;552.00;0.00;2;1973-07-05;4A1;;;;1973-01-01
BEL;BEL031961973;;MOD;2002-02-01;2002-12-31;196;Z.196;ZEEDUIVEL;ZEEBR;OPHN;Y;Y;Y;Y;N;;FX;TBB;NO;;;;;31.35;28.00;189.00;0.00;0.00;773.00;0.00;2;1973-07-05;4A1;;;;1973-01-01
BEL;BEL031961973;;MOD;2003-01-01;2003-08-25;196;Z.196;ZEEDUIVEL;ZEEBR;OPHN;Y;Y;Y;Y;N;;FX;TBB;NO;;;;;31.35;28.00;189.00;0.00;0.00;773.00;0.00;2;1973-07-05;MFL;;;;1973-01-01
BEL;BEL031961973;;MOD;2003-08-26;2006-02-09;196;Z.196;ZEEDUIVEL;ZEEBR;OPHN;Y;Y;Y;Y;N;;FX;TBB;NO;;;;;31.35;28.00;189.00;0.00;0.00;887.00;0.00;2;1973-07-05;MFL;;;;1973-01-01
BEL;BEL031961973;;MOD;2006-02-10;2008-08-20;196;Z.196;ZEEDUIVEL;ZEEBR;OPHN;Y;Y;Y;Y;N;;FX;TBB;NO;;;;;31.35;27.37;189.00;0.00;0.00;887.00;0.00;2;1973-07-05;MFL;;;;1973-01-01
BEL;BEL031961973;;MOD;2008-08-21;2009-04-15;196;Z.196;ZEEDUIVEL;ZEEBR;OPHN;Y;Y;Y;Y;N;;FX;TBB;NO;;;;;31.35;27.37;189.00;0.00;0.00;887.00;0.00;2;1973-07-05;MFL;;;;1973-01-01
BEL;BEL031981967;;CEN;1989-01-01;1991-12-31;198;Z.198;ZEENIMF;ZEEBR;OPHP;Y;Y;N;Y;N;;FX;OTB;NO;;;;;29.20;25.00;158.00;146.70;0.00;368.00;0.00;2;1967-05-05;ZEE;;;;1967-01-01
BEL;BEL031981967;;MOD;1992-01-01;1996-12-31;198;Z.198;ZEENIMF;ZEEBR;OPHP;Y;Y;N;Y;N;;FX;OTB;NO;;;;;29.20;26.20;158.00;0.00;0.00;368.00;0.00;2;1967-05-05;E13;;;;1967-01-01
BEL;BEL031981967;;MOD;1997-01-01;1998-04-14;198;Z.198;ZEENIMF;ZEEBR;OPHP;Y;Y;Y;Y;N;;FX;OTB;NO;;;;;29.20;26.20;158.00;0.00;0.00;368.00;0.00;2;1967-05-05;4A2;;;;1967-01-01
BEL;BEL031981967;;MOD;1998-04-15;1998-12-06;198;Z.198;ZEENIMF;ZEEBR;OPHP;Y;Y;Y;Y;N;;FX;OTB;NO;;;;;29.20;26.12;158.00;0.00;0.00;368.00;0.00;2;1967-05-05;4A2;;;;1967-01-01
BEL;BEL031981998;9056208;CST;1998-12-07;1999-05-16;198;Z.198;KEES KORF;ZEEBR;OPHP;Y;Y;Y;Y;N;;TU;TBB;OTB;;;;;36.89;33.81;292.00;0.00;0.00;699.00;0.00;2;1998-12-07;4A1;;;;1998-01-01
BEL;BEL031981998;9056208;MOD;1999-05-17;2001-04-11;198;Z.198;KEES KORF;ZEEBR;OPHP;Y;Y;Y;Y;N;;TU;TBB;OTB;;;;;36.89;33.81;292.00;0.00;0.00;793.00;0.00;2;1998-12-07;4A1;;;;1998-01-01
BEL;BEL031981998;9056208;MOD;2001-04-12;2002-12-31;198;Z.198;KEES KORF;ZEEBR;OPHP;Y;Y;Y;Y;N;;TU;TBB;OTB;;;;;36.89;33.81;292.00;0.00;0.00;957.00;0.00;2;1998-12-07;4A1;;;;1998-01-01
BEL;BEL031981998;9056208;MOD;2003-01-01;2003-06-11;198;Z.198;KEES KORF;ZEEBR;OPHP;Y;Y;Y;Y;N;;TU;TBB;OTB;;;;;36.89;33.81;292.00;0.00;0.00;957.00;0.00;2;1998-12-07;MFL;;;;1998-01-01
BEL;BEL031981998;9056208;MOD;2003-06-12;2006-02-19;198;Z.198;KEES KORF;ZEEBR;OPHP;Y;Y;Y;Y;N;;TU;TBB;OTB;;;;;36.89;33.81;292.00;0.00;0.00;957.00;0.00;2;1998-12-07;MFL;;;;1998-01-01
BEL;BEL031981998;9056208;MOD;2006-02-20;2011-10-05;198;Z.198;KEES KORF;ZEEBR;OPHP;Y;Y;Y;Y;N;;TU;TBB;OTB;;;;;36.89;33.81;292.00;0.00;0.00;957.00;0.00;2;1998-12-07;MFL;;;;1998-01-01
BEL;BEL031981998;9056208;MOD;2011-10-06;2013-11-27;198;Z.198;MARGARET OF LADRAM;ZEEBR;OPHP;Y;Y;Y;Y;N;;TU;TBB;OTB;;;;;33.07;29.86;264.00;0.00;0.00;957.00;0.00;2;1998-12-07;MFL;;;;1998-01-01
BEL;BEL031981998;9056208;MOD;2013-11-28;2013-12-09;198;Z.198;MARGARET OF LADRAM;ZEEBR;OPHP;Y;Y;Y;Y;N;;TU;TBB;OTB;;;;;33.07;29.86;264.00;0.00;0.00;1177.00;0.00;2;1998-12-07;MFL;;;;1998-01-01
BEL;BEL031981998;9056208;MOD;2013-12-10;2015-08-18;198;Z.198;MARGARET OF LADRAM;ZEEBR;OPHP;Y;Y;Y;Y;N;;TU;TBB;OTB;;;;;33.07;29.86;264.00;0.00;0.00;1200.00;0.00;2;1998-12-07;MFL;;;;1998-01-01
BEL;BEL032001972;;CEN;1989-01-01;1989-03-04;200;Z.200;TIJL UILENSPIEGEL;ZEEBR;OPHR;Y;Y;N;Y;N;;FX;TBB;NO;;;;;30.70;26.90;0.00;143.12;0.00;551.00;0.00;2;1972-03-15;ZEE;;;;1972-01-01
BEL;BEL032001990;;CST;1990-06-26;1991-12-31;200;Z.200;WAGRAM;ZEEBR;OPHR;Y;Y;N;Y;N;;FX;TBB;NO;;;;;33.08;29.25;249.00;0.00;0.00;550.00;0.00;2;1990-06-26;ZEE;;;;1990-01-01
BEL;BEL032001990;;MOD;1992-01-01;1996-12-31;200;Z.200;WAGRAM;ZEEBR;OPHR;Y;Y;N;Y;N;;FX;TBB;NO;;;;;33.08;29.25;249.00;0.00;0.00;750.00;0.00;2;1990-06-26;E10;;;;1990-01-01
BEL;BEL032001990;;MOD;1997-01-01;2002-01-31;200;Z.200;WAGRAM;ZEEBR;OPHR;Y;Y;Y;Y;N;;FX;TBB;NO;;;;;33.08;29.25;249.00;0.00;0.00;750.00;0.00;2;1990-06-26;4A1;;;;1990-01-01
BEL;BEL032001990;;MOD;2002-02-01;2002-12-31;200;Z.200;WAGRAM;ZEEBR;OPHR;Y;Y;Y;Y;N;;FX;TBB;NO;;;;;33.08;29.25;249.00;0.00;0.00;938.00;0.00;2;1990-06-26;4A1;;;;1990-01-01
BEL;BEL032001990;;MOD;2003-01-01;2006-10-04;200;Z.200;WAGRAM;ZEEBR;OPHR;Y;Y;Y;Y;N;;FX;TBB;NO;;;;;33.08;29.25;249.00;0.00;0.00;938.00;0.00;2;1990-06-26;MFL;;;;1990-01-01
BEL;BEL032011944;;CEN;1989-01-01;1989-10-24;201;Z.201;MARIE-MADELEINE;ZEEBR;OPHS;Y;Y;N;Y;N;;FX;TBB;PTB;;;;;20.00;18.79;0.00;49.99;0.00;110.00;0.00;1;1945-03-15;ZEE;;;;1944-01-01
BEL;BEL032011996;9056193;CST;1996-08-30;1996-12-31;201;Z.201;LINQUENDA;ZEEBR;OPHS;Y;Y;N;Y;N;;FX;TBB;GNS;;;;;23.94;20.95;138.00;0.00;0.00;221.00;0.00;2;1996-08-30;C10;;;;1996-01-01
BEL;BEL032011996;9056193;MOD;1997-01-01;1998-08-30;201;Z.201;LINQUENDA;ZEEBR;OPHS;Y;Y;Y;Y;N;;FX;TBB;GNS;;;;;23.94;20.95;138.00;0.00;0.00;221.00;0.00;2;1996-08-30;4A1;;;;1996-01-01
BEL;BEL032011996;9056193;MOD;1998-08-31;1999-04-22;201;Z.201;LINQUENDA;ZEEBR;OPHS;Y;Y;Y;Y;N;;FX;TBB;GNS;;;;;23.94;20.95;139.00;0.00;0.00;221.00;0.00;2;1996-08-30;4A1;;;;1996-01-01
BEL;BEL032011996;9056193;MOD;1999-04-23;2002-04-02;206;Z.206;VOLHARDING;ZEEBR;OPHX;Y;N;Y;Y;N;;FX;TBB;OTB;;;;;23.94;20.95;139.00;0.00;0.00;221.00;0.00;2;1996-08-30;4A1;;;;1996-01-01
BEL;BEL032011996;9056193;MOD;2002-04-03;2002-12-31;201;Z.201;JOB SENIOR;ZEEBR;OPHS;Y;Y;Y;Y;N;;FX;TBB;OTB;;;;;23.94;20.95;139.00;0.00;0.00;221.00;0.00;2;1996-08-30;4A1;;;;1996-01-01
BEL;BEL032011996;9056193;MOD;2003-01-01;2008-03-10;201;Z.201;JOB SENIOR;ZEEBR;OPHS;Y;Y;Y;Y;N;;FX;TBB;OTB;;;;;23.94;20.95;139.00;0.00;0.00;221.00;0.00;2;1996-08-30;MFL;;;;1996-01-01
BEL;BEL032011996;9056193;MOD;2008-03-11;2017-05-14;201;Z.201;JOB SENIOR;ZEEBR;OPHS;Y;Y;Y;Y;N;;FX;TBB;OTB;;;;;23.94;20.95;139.00;0.00;0.00;221.00;0.00;2;1996-08-30;MFL;;;;1996-01-01
BEL;BEL032011996;9056193;MOD;2017-05-15;2020-09-09;201;Z.201;JOB SENIOR;ZEEBR;OPHS;Y;Y;Y;Y;N;;FX;TBB;OTB;;;;;23.94;20.95;139.00;0.00;0.00;221.00;0.00;2;1996-08-30;MFL;;;;1996-01-01
BEL;BEL032011996;9056193;MOD;2020-09-10;2021-01-11;201;Z.201;JOB SENIOR;ZEEBR;OPHS;Y;Y;Y;Y;Y;205191000;FX;TBB;OTB;;;;;23.94;20.95;139.00;0.00;0.00;221.00;0.00;2;1996-08-30;MFL;;;;1996-01-01
BEL;BEL032011996;9056193;MOD;2021-01-12;2100-12-31;201;Z.201;JOB SENIOR;BEZEE;OPHS;Y;Y;Y;Y;Y;205191000;FX;TBB;OTB;;;;;23.94;20.95;139.00;0.00;0.00;221.00;0.00;2;1996-08-30;MFL;;;;1996-01-01
BEL;BEL032071985;;CEN;1989-01-01;1991-03-06;207;Z.207;ADAMTJE;ZEEBR;OPHY;Y;N;N;Y;N;;TU;TBB;NO;;;;;23.77;21.00;69.00;0.00;0.00;221.00;0.00;2;1985-09-26;ZEE;;;;1985-01-01
BEL;BEL032071985;;MOD;1991-03-07;1991-12-31;207;Z.207;PERMEKE;ZEEBR;OPHY;Y;N;N;Y;N;;TU;TBB;NO;;;;;23.77;21.12;69.00;0.00;0.00;221.00;0.00;2;1985-09-26;ZEE;;;;1985-01-01
BEL;BEL032071985;;MOD;1992-01-01;1994-08-17;207;Z.207;VERWACHTING;ZEEBR;OPHY;Y;N;N;Y;N;;TU;TBB;NO;;;;;23.77;21.12;69.00;0.00;0.00;221.00;0.00;2;1985-09-26;E10;;;;1985-01-01
BEL;BEL032071985;;MOD;1994-08-18;1996-12-31;207;Z.207;VERWACHTING;ZEEBR;OPHY;Y;N;N;Y;N;;TU;TBB;NO;;;;;23.77;21.12;69.00;0.00;0.00;221.00;0.00;2;1985-09-26;C10;;;;1985-01-01
BEL;BEL032071985;;MOD;1997-01-01;2000-12-20;207;Z.207;VERWACHTING;ZEEBR;OPHY;Y;N;Y;Y;N;;TU;TBB;NO;;;;;23.77;21.12;69.00;0.00;0.00;221.00;0.00;2;1985-09-26;4A1;;;;1985-01-01
BEL;BEL032071985;;MOD;2000-12-21;2001-01-25;207;Z.207;VERWACHTING;ZEEBR;OPHY;Y;N;Y;Y;N;;TU;OTB;NO;;;;;23.77;21.12;69.00;0.00;0.00;221.00;0.00;2;1985-09-26;4A2;;;;1985-01-01
BEL;BEL032431988;;CEN;1989-01-01;1991-12-31;243;Z.243;DRAKKAR;ZEEBR;OPJI;Y;Y;N;Y;N;;FX;TBB;NO;;;;;36.25;32.58;317.00;0.00;0.00;880.00;0.00;2;1988-12-14;ZEE;;;;1988-01-01
BEL;BEL032431988;;MOD;1992-01-01;1996-12-31;243;Z.243;DRAKKAR;ZEEBR;OPJI;Y;Y;Y;Y;N;;FX;TBB;NO;;;;;36.25;32.58;317.00;0.00;0.00;880.00;0.00;2;1988-12-14;E10;;;;1988-01-01
BEL;BEL032431988;;MOD;1997-01-01;1997-04-20;243;Z.243;DRAKKAR;ZEEBR;OPJI;Y;Y;Y;Y;N;;FX;TBB;NO;;;;;36.25;32.58;317.00;0.00;0.00;880.00;0.00;2;1988-12-14;4A1;;;;1988-01-01
BEL;BEL032431988;;MOD;1997-04-21;2002-01-31;243;Z.243;MEDUSA;ZEEBR;OPJI;Y;Y;Y;Y;N;;FX;TBB;NO;;;;;36.25;32.58;317.00;0.00;0.00;880.00;0.00;2;1988-12-14;4A1;;;;1988-01-01
BEL;BEL032431988;;MOD;2002-02-01;2002-12-31;243;Z.243;MEDUSA;ZEEBR;OPJI;Y;Y;Y;Y;N;;FX;TBB;NO;;;;;36.25;32.58;317.00;0.00;0.00;882.00;0.00;2;1988-12-14;4A1;;;;1988-01-01
BEL;BEL032431988;;MOD;2003-01-01;2004-01-05;243;Z.243;MEDUSA;ZEEBR;OPJI;Y;Y;Y;Y;N;;FX;TBB;NO;;;;;36.25;32.58;317.00;0.00;0.00;882.00;0.00;2;1988-12-14;MFL;;;;1988-01-01
BEL;BEL032431988;;MOD;2004-01-06;2009-07-29;243;Z.243;MEDUSA;ZEEBR;OPJI;Y;Y;Y;Y;N;;FX;TBB;NO;;;;;36.25;32.58;317.00;0.00;0.00;957.00;0.00;2;1988-12-14;MFL;;;;1988-01-01
BEL;BEL032841982;;CEN;1989-01-01;1989-07-11;284;Z.284;VICKY;ZEEBR;OPKX;Y;Y;N;Y;N;;FX;TBB;NO;;;;;35.05;31.20;0.00;259.88;0.00;1065.00;0.00;2;1982-10-13;ZEE;;;;1982-01-01
BEL;BEL032841982;;MOD;1989-07-12;1991-12-31;284;Z.284;VICKY;ZEEBR;OPKX;Y;Y;N;Y;N;;FX;TBB;NO;;;;;35.05;31.20;0.00;259.56;0.00;1065.00;0.00;2;1982-10-13;ZEE;;;;1982-01-01
BEL;BEL032841982;;MOD;1992-01-01;1996-12-31;284;Z.284;VICKY;ZEEBR;OPKX;Y;Y;N;Y;N;;FX;TBB;NO;;;;;35.05;31.86;281.00;0.00;0.00;1065.00;0.00;2;1982-10-13;E10;;;;1982-01-01
BEL;BEL032841982;;MOD;1997-01-01;1999-12-27;284;Z.284;VICKY;ZEEBR;OPKX;Y;Y;Y;Y;N;;FX;TBB;NO;;;;;35.05;31.86;281.00;0.00;0.00;1065.00;0.00;2;1982-10-13;4A1;;;;1982-01-01
BEL;BEL032841982;;MOD;1999-12-28;2002-12-31;284;Z.284;ANTONIA-MARTRUIDA;ZEEBR;OPKX;Y;Y;Y;Y;N;;FX;TBB;NO;;;;;35.05;31.97;281.00;0.00;0.00;1065.00;0.00;2;1982-10-13;4A1;;;;1982-01-01
BEL;BEL032841982;;MOD;2003-01-01;2003-01-12;284;Z.284;ANTONIA-MARTRUIDA;ZEEBR;OPKX;Y;Y;Y;Y;N;;FX;TBB;NO;;;;;35.05;31.97;281.00;0.00;0.00;1065.00;0.00;2;1982-10-13;MFL;;;;1982-01-01
BEL;BEL032841982;;MOD;2003-01-13;2009-07-30;284;Z.284;ANTONIA-MARTRUIDA;ZEEBR;OPKX;Y;Y;Y;Y;N;;FX;TBB;NO;;;;;35.05;31.97;281.00;0.00;0.00;1065.00;0.00;2;1982-10-13;MFL;;;;1982-01-01
BEL;BEL032961980;;CEN;1989-01-01;1991-12-31;296;Z.296;MOOIE MEID;ZEEBR;OPLJ;Y;Y;N;Y;N;;FX;TBB;NO;;;;;28.02;23.98;186.00;149.92;0.00;540.00;0.00;2;1980-07-22;ZEE;;;;1980-01-01
BEL;BEL032961980;;MOD;1992-01-01;1996-12-31;296;Z.296;MOOIE MEID;ZEEBR;OPLJ;Y;Y;Y;Y;N;;FX;TBB;NO;;;;;28.02;23.98;186.00;149.92;0.00;540.00;0.00;2;1980-07-22;E10;;;;1980-01-01
BEL;BEL032961980;;MOD;1997-01-01;1998-08-02;296;Z.296;MOOIE MEID;ZEEBR;OPLJ;Y;Y;Y;Y;N;;FX;TBB;NO;;;;;28.02;23.98;186.00;149.92;0.00;540.00;0.00;2;1980-07-22;4A1;;;;1980-01-01
BEL;BEL032961980;;MOD;1998-08-03;2000-08-20;296;Z.296;MOOIE MEID;ZEEBR;OPLJ;Y;Y;Y;Y;N;;FX;TBB;NO;;;;;28.02;23.98;186.00;0.00;0.00;540.00;0.00;2;1980-07-22;4A1;;;;1980-01-01
BEL;BEL032962000;9242807;CST;2000-08-22;2002-12-31;296;Z.296;MOOIE MEID;ZEEBR;OPLJ;Y;Y;Y;Y;N;;FX;TBB;NO;;;;;37.80;33.01;390.00;0.00;0.00;957.00;0.00;2;2000-08-22;4A1;;;;2000-01-01
BEL;BEL032962000;9242807;MOD;2003-01-01;2006-02-07;296;Z.296;MOOIE MEID;ZEEBR;OPLJ;Y;Y;Y;Y;N;;FX;TBB;NO;;;;;37.80;33.01;390.00;0.00;0.00;957.00;0.00;2;2000-08-22;MFL;;;;2000-01-01
BEL;BEL032962000;9242807;MOD;2006-02-08;2007-10-28;296;Z.296;MOOIE MEID;ZEEBR;OPLJ;Y;Y;Y;Y;N;;FX;TBB;OTB;;;;;37.80;33.01;390.00;0.00;0.00;957.00;0.00;2;2000-08-22;MFL;;;;2000-01-01
BEL;BEL032962000;9242807;MOD;2007-10-29;2009-04-16;296;Z.296;MOOIE MEID;ZEEBR;OPLJ;Y;Y;Y;Y;N;;FX;TBB;OTB;;;;;37.80;33.01;390.00;0.00;0.00;1061.00;0.00;2;2000-08-22;MFL;;;;2000-01-01
BEL;BEL032962000;9242807;MOD;2009-04-17;2011-11-17;296;Z.296;MOOIE MEID;ZEEBR;OPLJ;Y;Y;Y;Y;N;;FX;TBB;OTB;;;;;37.80;33.01;390.00;0.00;0.00;1061.00;0.00;2;2000-08-22;MFL;;;;2000-01-01
BEL;BEL032962000;9242807;MOD;2011-11-18;2019-05-15;296;Z.296;MOOIE MEID;ZEEBR;OPLJ;Y;Y;Y;Y;N;;FX;TBB;OTB;;;;;37.80;33.01;390.00;0.00;0.00;1200.00;0.00;2;2000-08-22;MFL;;;;2000-01-01
BEL;BEL032962000;9242807;MOD;2019-05-16;2020-08-12;296;Z.296;MOOIE MEID;ZEEBR;OPLJ;Y;Y;Y;Y;N;;FX;TBB;SSC;;;;;37.80;33.01;390.00;0.00;0.00;1200.00;0.00;2;2000-08-22;MFL;;;;2000-01-01
BEL;BEL032962000;9242807;MOD;2020-08-13;2021-01-11;296;Z.296;MOOIE MEID;ZEEBR;OPLJ;Y;Y;Y;Y;Y;205303000;FX;TBB;SSC;;;;;38.00;33.01;393.00;0.00;0.00;1200.00;0.00;2;2000-08-22;MFL;;;;2000-01-01
BEL;BEL032962000;9242807;MOD;2021-01-12;2100-12-31;296;Z.296;MOOIE MEID;BEZEE;OPLJ;Y;Y;Y;Y;Y;205303000;FX;TBB;SSC;;;;;38.00;33.01;393.00;0.00;0.00;1200.00;0.00;2;2000-08-22;MFL;;;;2000-01-01
BEL;BEL033001981;;CEN;1989-01-01;1990-08-25;300;Z.300;VEERMAN;ZEEBR;OPLN;Y;N;N;Y;N;;FX;TBB;NO;;;;;21.08;18.00;0.00;69.71;0.00;221.00;0.00;2;1981-10-15;ZEE;;;;1981-01-01
BEL;BEL033071967;;CEN;1989-01-01;1991-12-31;307;Z.307;ZEETRAPPER;ZEEBR;OPLU;Y;Y;N;Y;N;;FX;OTB;NO;;;;;27.20;24.30;100.00;98.39;0.00;276.00;0.00;2;1967-07-24;ZEE;;;;1967-01-01
BEL;BEL033071967;;MOD;1992-01-01;1996-12-31;307;Z.307;ZEETRAPPER;ZEEBR;OPLU;Y;Y;N;Y;N;;FX;OTB;NO;;;;;27.20;24.30;100.00;0.00;0.00;221.00;0.00;2;1967-07-24;E13;;;;1967-01-01
BEL;BEL033071967;;MOD;1997-01-01;2002-12-31;307;Z.307;ZEETRAPPER;ZEEBR;OPLU;Y;Y;Y;Y;N;;FX;OTB;NO;;;;;27.20;24.30;100.00;0.00;0.00;221.00;0.00;2;1967-07-24;4A2;;;;1967-01-01
BEL;BEL033071967;;MOD;2003-01-01;2006-02-21;307;Z.307;ZEETRAPPER;ZEEBR;OPLU;Y;Y;Y;Y;N;;FX;OTB;NO;;;;;27.20;24.30;100.00;0.00;0.00;221.00;0.00;2;1967-07-24;MFL;;;;1967-01-01
BEL;BEL033191960;;CEN;1989-01-01;1989-11-19;319;Z.319;PHILADELPHIAN;ZEEBR;OPMG;Y;Y;N;Y;N;;FX;TBB;NO;;;;;39.87;35.67;0.00;264.41;0.00;1064.00;0.00;2;1960-07-01;ZEE;;;;1960-01-01
BEL;BEL033211961;;CEN;1989-01-01;1990-03-22;321;Z.321;AURORA;ZEEBR;OPMI;Y;Y;N;Y;N;;FX;TBB;NO;;;;;27.20;23.30;0.00;80.32;0.00;415.00;0.00;2;1961-07-01;ZEE;;;;1961-01-01
BEL;BEL033211990;;CST;1990-04-19;1991-12-31;321;Z.321;WESTHINDER;ZEEBR;OPMI;Y;Y;N;Y;N;;FX;TBB;NO;;;;;40.68;35.79;462.00;0.00;0.00;880.00;0.00;2;1990-04-19;ZEE;;;;1990-01-01
BEL;BEL033211990;;MOD;1992-01-01;1996-12-31;321;Z.321;WESTHINDER;ZEEBR;OPMI;Y;Y;Y;Y;N;;FX;TBB;NO;;;;;40.68;35.79;462.00;0.00;0.00;880.00;0.00;2;1990-04-19;E10;;;;1990-01-01
BEL;BEL033211990;;MOD;1997-01-01;2000-01-25;321;Z.321;WESTHINDER;ZEEBR;OPMI;Y;Y;Y;Y;N;;FX;TBB;NO;;;;;40.68;35.79;462.00;0.00;0.00;880.00;0.00;2;1990-04-19;4A1;;;;1990-01-01
BEL;BEL033211990;;MOD;2000-01-26;2002-12-31;321;Z.321;WESTHINDER;ZEEBR;OPMI;Y;Y;Y;Y;N;;FX;TBB;NO;;;;;40.68;35.79;462.00;0.00;0.00;957.00;0.00;2;1990-04-19;4A1;;;;1990-01-01
BEL;BEL033211990;;MOD;2003-01-01;2004-12-09;321;Z.321;WESTHINDER;ZEEBR;OPMI;Y;Y;Y;Y;N;;FX;TBB;NO;;;;;40.68;35.79;462.00;0.00;0.00;957.00;0.00;2;1990-04-19;MFL;;;;1990-01-01
BEL;BEL033241948;;CEN;1989-01-01;1991-12-31;324;Z.324;WIELINGEN;ZEEBR;OPML;Y;N;N;Y;N;;FX;TBB;NO;;;;;33.60;30.20;135.00;135.10;0.00;368.00;0.00;2;1948-08-12;ZEE;;;;1948-01-01
BEL;BEL033241948;;MOD;1992-01-01;1995-01-25;324;Z.324;WIELINGEN;ZEEBR;OPML;Y;N;N;Y;N;;FX;TBB;NO;;;;;33.60;31.00;135.00;0.00;0.00;368.00;0.00;2;1948-08-12;E10;;;;1948-01-01
BEL;BEL034022000;8745462;CST;2000-05-18;2001-06-20;402;Z.402;NOOITGEDACHT;ZEEBR;OPQB;Y;Y;Y;Y;N;;FX;TBB;NO;;;;;23.99;21.30;96.00;0.00;0.00;221.00;0.00;2;2000-05-18;4A1;;;;2000-01-01
BEL;BEL034022000;8745462;MOD;2001-06-21;2002-12-31;402;Z.402;NOOITGEDACHT;ZEEBR;OPQB;Y;Y;Y;Y;N;;FX;TBB;NO;;;;;23.99;21.30;102.00;0.00;0.00;221.00;0.00;2;2000-05-18;4A1;;;;2000-01-01
BEL;BEL034022000;8745462;MOD;2003-01-01;2006-02-23;402;Z.402;NOOITGEDACHT;ZEEBR;OPQB;Y;Y;Y;Y;N;;FX;TBB;NO;;;;;23.99;21.30;102.00;0.00;0.00;221.00;0.00;2;2000-05-18;MFL;;;;2000-01-01
BEL;BEL034022000;8745462;MOD;2006-02-24;2008-06-11;402;Z.402;NOOITGEDACHT;ZEEBR;OPQB;Y;Y;Y;Y;N;;FX;TBB;OTB;;;;;23.99;21.30;102.00;0.00;0.00;221.00;0.00;2;2000-05-18;MFL;;;;2000-01-01
BEL;BEL034022000;8745462;MOD;2008-06-12;2015-08-12;402;Z.402;NOOITGEDACHT;ZEEBR;OPQB;Y;Y;Y;Y;N;;FX;TBB;OTB;;;;;23.99;21.30;102.00;0.00;0.00;221.00;0.00;2;2000-05-18;MFL;;;;2000-01-01
BEL;BEL034022000;8745462;MOD;2015-08-13;2016-01-07;402;Z.402;NOOITGEDACHT;ZEEBR;OPQB;Y;Y;Y;Y;N;;FX;TBB;OTB;;;;;23.99;21.30;102.00;0.00;0.00;221.00;0.00;2;2000-05-18;MFL;;;;2000-01-01
BEL;BEL034022000;8745462;MOD;2016-01-08;2020-09-09;189;Z.189;CORNELIS GERRIT;ZEEBR;OPHG;Y;Y;Y;Y;N;;FX;TBB;OTB;;;;;23.99;21.30;102.00;0.00;0.00;221.00;0.00;2;2000-05-18;MFL;;;;2000-01-01
BEL;BEL034022000;8745462;MOD;2020-09-10;2020-10-19;189;Z.189;CORNELIS GERRIT;ZEEBR;OPHG;Y;Y;Y;Y;Y;205346000;FX;TBB;OTB;;;;;23.99;21.30;102.00;0.00;0.00;221.00;0.00;2;2000-05-18;MFL;;;;2000-01-01
BEL;BEL034022000;8745462;MOD;2020-10-20;2021-01-11;189;Z.189;CORNELIS GERRIT;ZEEBR;OPHG;Y;Y;Y;Y;Y;205346000;FX;TBB;OTB;;;;;23.99;21.30;102.00;0.00;0.00;221.00;0.00;2;2000-05-18;MFL;;;;2000-01-01
BEL;BEL034022000;8745462;MOD;2021-01-12;2100-12-31;189;Z.189;CORNELIS GERRIT;BEZEE;OPHG;Y;Y;Y;Y;Y;205346000;FX;TBB;OTB;;;;;23.99;21.30;102.00;0.00;0.00;221.00;0.00;2;2000-05-18;MFL;;;;2000-01-01
BEL;BEL034031961;;CEN;1989-01-01;1991-12-31;403;Z.403;STERN;ZEEBR;OPQC;Y;N;N;Y;N;;FX;TBB;OTB;;;;;21.00;19.05;62.00;55.94;0.00;110.00;0.00;2;1961-12-18;ZEE;;;;1961-01-01
BEL;BEL034031961;;MOD;1992-01-01;1993-01-11;403;Z.403;STERN;ZEEBR;OPQC;Y;N;N;Y;N;;FX;TBB;OTB;;;;;21.00;19.05;62.00;0.00;0.00;110.00;0.00;2;1961-12-18;E10;;;;1961-01-01
BEL;BEL034031961;;MOD;1993-01-12;1995-06-26;403;Z.403;STERN;ZEEBR;OPQC;Y;N;N;Y;N;;FX;TBB;OTB;;;;;21.00;19.05;62.00;0.00;0.00;110.00;0.00;2;1961-12-18;C10;;;;1961-01-01
BEL;BEL034031961;;MOD;1995-06-27;1996-12-31;403;Z.403;STERN;ZEEBR;OPQC;Y;N;N;Y;N;;FX;TBB;OTB;;;;;21.00;19.05;62.00;0.00;0.00;221.00;0.00;2;1961-12-18;E10;;;;1961-01-01
BEL;BEL034031961;;MOD;1997-01-01;1998-04-22;403;Z.403;STERN;ZEEBR;OPQC;Y;N;Y;Y;N;;FX;TBB;OTB;;;;;21.00;19.05;62.00;0.00;0.00;221.00;0.00;2;1961-12-18;4A1;;;;1961-01-01
BEL;BEL034031961;;MOD;1998-04-23;2002-12-31;582;Z.582;ASANNAT;ZEEBR;OPWZ;Y;Y;Y;Y;N;;FX;TBB;NO;;;;;21.00;18.43;62.00;0.00;0.00;221.00;0.00;2;1961-12-18;4A1;;;;1961-01-01
BEL;BEL034031961;;MOD;2003-01-01;2006-02-27;582;Z.582;ASANNAT;ZEEBR;OPWZ;Y;Y;Y;Y;N;;FX;TBB;NO;;;;;21.00;18.43;62.00;0.00;0.00;221.00;0.00;2;1961-12-18;MFL;;;;1961-01-01
BEL;BEL034031961;;MOD;2006-02-28;2016-07-12;582;Z.582;ASANNAT;ZEEBR;OPWZ;Y;Y;Y;Y;N;;FX;TBB;OTB;;;;;21.00;18.43;62.00;0.00;0.00;221.00;0.00;2;1961-12-18;MFL;;;;1961-01-01
BEL;BEL034031961;;MOD;2016-07-13;2017-11-27;582;Z.582;ASANNAT;ZEEBR;OPWZ;Y;Y;Y;Y;N;;FX;TBB;OTB;;;;;21.00;18.43;62.00;0.00;0.00;221.00;0.00;2;1961-12-18;MFL;;;;1961-01-01
BEL;BEL034081969;;CEN;1989-01-01;1990-07-29;408;Z.408;SPERANZA;ZEEBR;OPQH;Y;N;N;Y;N;;FX;TBB;NO;;;;;22.70;19.20;74.00;69.63;0.00;217.00;0.00;2;1969-09-29;ZEE;;;;1969-01-01
BEL;BEL034081969;;MOD;1990-07-30;1990-09-20;408;Z.408;SPERANZA;ZEEBR;OPQH;Y;N;N;Y;N;;FX;TBB;NO;;;;;22.70;19.20;74.00;0.00;0.00;221.00;0.00;2;1969-09-29;ZEE;;;;1969-01-01
BEL;BEL034081969;;MOD;1990-09-21;1991-12-31;408;N.408;SPERANZA;NIEUW;OPQH;Y;N;N;Y;N;;FX;TBB;NO;;;;;22.70;19.20;74.00;0.00;0.00;213.00;0.00;2;1969-09-29;ZEE;;;;1969-01-01
BEL;BEL034081969;;MOD;1992-01-01;1993-12-28;408;N.408;SPERANZA;NIEUW;OPQH;Y;N;N;Y;N;;FX;TBB;NO;;;;;22.70;19.20;74.00;0.00;0.00;213.00;0.00;2;1969-09-29;C10;;;;1969-01-01
BEL;BEL034301957;;CEN;1989-01-01;1991-12-31;430;Z.430;MARGIBEL;ZEEBR;OPRD;Y;N;N;Y;N;;TU;TBB;NO;;;;;19.62;16.97;53.00;49.23;0.00;184.00;0.00;2;1957-05-09;ZEE;;;;1957-01-01
BEL;BEL034301957;;MOD;1992-01-01;1993-02-22;430;O.430;BIMIN;OOSTE;OPRD;Y;N;N;Y;N;;TU;TBB;NO;;;;;19.62;17.89;53.00;49.23;0.00;184.00;0.00;2;1957-05-09;E10;;;;1957-01-01
BEL;BEL034301957;;MOD;1993-02-23;1996-12-31;430;O.430;BIMIN;OOSTE;OPRD;Y;N;N;Y;N;;TU;TBB;NO;;;;;19.62;17.89;53.00;49.23;0.00;184.00;0.00;2;1957-05-09;C10;;;;1957-01-01
BEL;BEL034301957;;MOD;1997-01-01;1997-03-27;430;O.430;BIMIN;OOSTE;OPRD;Y;N;Y;Y;N;;TU;TBB;NO;;;;;19.62;17.89;53.00;49.23;0.00;184.00;0.00;2;1957-05-09;4A1;;;;1957-01-01
BEL;BEL034301957;;MOD;1997-03-28;1999-09-08;430;O.430;BIMIN;OOSTE;OPRD;Y;N;Y;Y;N;;TU;TBB;NO;;;;;19.62;17.28;53.00;0.00;0.00;184.00;0.00;2;1957-05-09;4A1;;;;1957-01-01
BEL;BEL034311997;9171216;CST;1997-06-25;2001-08-01;431;Z.431;ROULETTE;ZEEBR;OPRE;Y;Y;Y;Y;N;;FX;TBB;NO;;;;;23.94;21.26;130.00;0.00;0.00;220.00;0.00;2;1997-06-25;4A1;;;;1997-01-01
BEL;BEL034311997;9171216;MOD;2001-08-02;2002-06-23;431;Z.431;ROULETTE;ZEEBR;OPRE;Y;Y;Y;Y;N;;FX;TBB;NO;;;;;23.94;21.26;130.00;0.00;0.00;221.00;0.00;2;1997-06-25;4A1;;;;1997-01-01
BEL;BEL034311997;9171216;MOD;2002-06-24;2002-12-31;431;Z.431;ALLES WISSELT;ZEEBR;OPRE;Y;Y;Y;Y;N;;FX;TBB;NO;;;;;23.94;21.26;130.00;0.00;0.00;221.00;0.00;2;1997-06-25;4A1;;;;1997-01-01
BEL;BEL034311997;9171216;MOD;2003-01-01;2020-02-12;431;Z.431;ALLES WISSELT;ZEEBR;OPRE;Y;Y;Y;Y;N;;FX;TBB;NO;;;;;23.94;21.26;130.00;0.00;0.00;221.00;0.00;2;1997-06-25;MFL;;;;1997-01-01
BEL;BEL034311997;9171216;MOD;2020-02-13;2020-09-09;431;Z.431;ALLES WISSELT;ZEEBR;OPRE;Y;Y;Y;Y;N;;FX;TBB;NO;;;;;23.94;21.26;130.00;0.00;0.00;221.00;0.00;2;1997-06-25;MFL;;;;1997-01-01
BEL;BEL034311997;9171216;MOD;2020-09-10;2021-01-12;431;Z.431;ALLES WISSELT;ZEEBR;OPRE;Y;Y;Y;Y;Y;205236000;FX;TBB;NO;;;;;23.94;21.26;130.00;0.00;0.00;221.00;0.00;2;1997-06-25;MFL;;;;1997-01-01
BEL;BEL034311997;9171216;MOD;2021-01-13;2100-12-31;431;Z.431;ALLES WISSELT;BEZEE;OPRE;Y;Y;Y;Y;Y;205236000;FX;TBB;NO;;;;;23.94;21.26;130.00;0.00;0.00;221.00;0.00;2;1997-06-25;MFL;;;;1997-01-01
BEL;BEL034451954;;CEN;1989-01-01;1991-12-31;445;Z.445;MARINA;ZEEBR;OPRS;Y;N;N;Y;N;;FX;TBB;NO;;;;;19.00;17.00;0.00;41.63;0.00;221.00;0.00;2;1954-05-21;ZEE;;;;1954-01-01
BEL;BEL034451954;;MOD;1992-01-01;1992-06-22;445;Z.445;MARINA;ZEEBR;OPRS;Y;N;N;Y;N;;FX;TBB;NO;;;;;19.00;17.00;0.00;41.63;0.00;221.00;0.00;2;1954-05-21;C10;;;;1954-01-01
BEL;BEL034471968;;CEN;1989-01-01;1991-12-31;447;Z.447;HURRICANE;ZEEBR;OPRU;Y;N;N;Y;N;;FX;TBB;OTB;;;;;17.12;14.10;0.00;42.25;0.00;143.00;0.00;1;1968-07-29;ZEE;;;;1968-01-01
BEL;BEL034471968;;MOD;1992-01-01;1992-02-19;447;Z.447;HURRICANE;ZEEBR;OPRU;Y;N;N;Y;N;;FX;TBB;OTB;;;;;17.12;14.10;0.00;42.25;0.00;143.00;0.00;1;1968-07-29;C10;;;;1968-01-01
BEL;BEL034621968;;CEN;1989-01-01;1991-12-31;462;Z.462;ZEEPAREL;ZEEBR;OPSJ;Y;N;N;Y;N;;DO;TBB;NO;;;;;30.70;26.10;145.00;140.97;0.00;441.00;0.00;2;1968-05-08;ZEE;;;;1968-01-01
BEL;BEL034621968;;MOD;1992-01-01;1993-04-29;462;Z.462;ZEEPAREL;ZEEBR;OPSJ;Y;N;N;Y;N;;DO;TBB;NO;;;;;30.70;26.90;145.00;140.97;0.00;662.00;0.00;2;1968-05-08;E10;;;;1968-01-01
BEL;BEL034621968;;MOD;1993-04-30;1996-12-31;462;Z.462;ZEEPAREL;ZEEBR;OPSJ;Y;N;N;Y;N;;DO;TBB;NO;;;;;30.70;26.90;145.00;0.00;0.00;662.00;0.00;2;1968-05-08;E10;;;;1968-01-01
BEL;BEL034621968;;MOD;1997-01-01;1998-12-13;462;Z.462;ZEEPAREL;ZEEBR;OPSJ;Y;N;Y;Y;N;;DO;TBB;NO;;;;;30.70;26.90;145.00;0.00;0.00;662.00;0.00;2;1968-05-08;4A1;;;;1968-01-01
BEL;BEL034621968;;MOD;1998-12-14;1999-04-08;462;Z.462;ZEEPAREL;ZEEBR;OPSJ;Y;N;Y;Y;N;;DO;TBB;NO;;;;;30.70;26.76;145.00;0.00;0.00;662.00;0.00;2;1968-05-08;4A1;;;;1968-01-01
BEL;BEL034701987;;CEN;1989-01-01;1991-12-31;470;Z.470;ODIN;ZEEBR;OPSR;Y;Y;N;Y;N;;FX;TBB;NO;;;;;23.82;21.31;81.00;0.00;0.00;221.00;0.00;2;1988-02-18;ZEE;;;;1987-01-01
BEL;BEL034701987;;MOD;1992-01-01;1996-07-09;470;Z.470;ODIN;ZEEBR;OPSR;Y;Y;N;Y;N;;FX;TBB;NO;;;;;23.82;21.31;81.00;0.00;0.00;221.00;0.00;2;1988-02-18;E10;;;;1987-01-01
BEL;BEL034701987;;MOD;1996-07-10;1996-12-31;470;Z.470;ODIN;ZEEBR;OPSR;Y;Y;N;Y;N;;FX;TBB;NO;;;;;23.82;21.31;82.00;0.00;0.00;221.00;0.00;2;1988-02-18;E10;;;;1987-01-01
BEL;BEL034701987;;MOD;1997-01-01;2002-12-31;470;Z.470;ODIN;ZEEBR;OPSR;Y;Y;Y;Y;N;;FX;TBB;NO;;;;;23.82;21.31;82.00;0.00;0.00;221.00;0.00;2;1988-02-18;4A1;;;;1987-01-01
BEL;BEL034701987;;MOD;2003-01-01;2006-08-20;470;Z.470;ODIN;ZEEBR;OPSR;Y;Y;Y;Y;N;;FX;TBB;NO;;;;;23.82;21.31;82.00;0.00;0.00;221.00;0.00;2;1988-02-18;MFL;;;;1987-01-01
BEL;BEL034721955;;CEN;1989-01-01;1989-06-05;472;Z.472;CONDOR;ZEEBR;OPST;Y;N;N;Y;N;;FX;TBB;PTB;;;;;18.70;15.50;0.00;39.35;0.00;154.00;0.00;1;1955-03-21;ZEE;;;;1955-01-01
BEL;BEL034721955;;MOD;1989-06-06;1991-12-31;472;Z.472;CONDOR;ZEEBR;OPST;Y;N;N;Y;N;;FX;TBB;PTB;;;;;18.70;15.50;0.00;39.35;0.00;132.00;0.00;1;1955-03-21;ZEE;;;;1955-01-01
BEL;BEL034721955;;MOD;1992-01-01;1992-12-14;472;Z.472;CONDOR;ZEEBR;OPST;Y;N;N;Y;N;;FX;TBB;PTB;;;;;18.70;15.50;0.00;39.35;0.00;132.00;0.00;1;1955-03-21;C10;;;;1955-01-01
BEL;BEL034741963;;CEN;1989-01-01;1991-12-31;474;Z.474;ARGO;ZEEBR;OPSV;Y;Y;N;Y;N;;FX;TBB;PTB;;;;;20.50;18.43;0.00;47.78;0.00;220.00;0.00;2;1963-07-01;ZEE;;;;1963-01-01
BEL;BEL034741963;;MOD;1992-01-01;1994-07-06;474;Z.474;ARGO;ZEEBR;OPSV;Y;Y;N;Y;N;;FX;TBB;PTB;;;;;20.50;18.43;0.00;47.78;0.00;220.00;0.00;2;1963-07-01;C10;;;;1963-01-01
BEL;BEL034741994;8935304;CST;1994-07-12;1996-12-30;474;Z.474;LIMANDA;ZEEBR;OPSV;Y;Y;N;Y;N;;FX;TBB;PTB;;;;;23.93;21.26;130.00;0.00;0.00;220.00;0.00;2;1994-07-12;E10;;;;1994-01-01
BEL;BEL034741994;8935304;MOD;1996-12-31;1996-12-31;474;Z.474;LIMANDA;ZEEBR;OPSV;Y;Y;N;Y;N;;FX;TBB;PTB;;;;;23.93;21.26;130.00;0.00;0.00;220.00;0.00;2;1994-07-12;E10;;;;1994-01-01
BEL;BEL034741994;8935304;MOD;1997-01-01;1998-04-13;474;Z.474;LIMANDA;ZEEBR;OPSV;Y;Y;Y;Y;N;;FX;TBB;PTB;;;;;23.93;21.26;130.00;0.00;0.00;220.00;0.00;2;1994-07-12;4A1;;;;1994-01-01
BEL;BEL034741994;8935304;MOD;1998-04-14;2002-12-31;474;Z.474;HESSEL SR.;ZEEBR;OPSV;Y;Y;Y;Y;N;;FX;TBB;PTB;;;;;23.93;21.26;130.00;0.00;0.00;220.00;0.00;2;1994-07-12;4A1;;;;1994-01-01
BEL;BEL034741994;8935304;MOD;2003-01-01;2006-02-06;474;Z.474;HESSEL SR.;ZEEBR;OPSV;Y;Y;Y;Y;N;;FX;TBB;PTB;;;;;23.93;21.26;130.00;0.00;0.00;220.00;0.00;2;1994-07-12;MFL;;;;1994-01-01
BEL;BEL034741994;8935304;MOD;2006-02-07;2008-06-11;474;Z.474;HESSEL SR.;ZEEBR;OPSV;Y;Y;Y;Y;N;;FX;TBB;OTB;;;;;23.93;21.26;130.00;0.00;0.00;220.00;0.00;2;1994-07-12;MFL;;;;1994-01-01
BEL;BEL034741994;8935304;MOD;2008-06-12;2013-10-06;474;Z.474;HESSEL SR.;ZEEBR;OPSV;Y;Y;Y;Y;N;;FX;TBB;OTB;;;;;23.93;21.26;130.00;0.00;0.00;220.00;0.00;2;1994-07-12;MFL;;;;1994-01-01
BEL;BEL034831971;;CEN;1989-01-01;1989-10-16;483;Z.483;CAROLINA;ZEEBR;OPTE;Y;Y;N;Y;N;;FX;TBB;NO;;;;;30.70;26.10;0.00;143.25;0.00;441.00;0.00;2;1971-02-03;ZEE;;;;1971-01-01
BEL;BEL034831971;;MOD;1989-10-17;1991-12-31;483;Z.483;CAROLINA;ZEEBR;OPTE;Y;Y;N;Y;N;;FX;TBB;NO;;;;;34.21;26.90;187.00;0.00;0.00;441.00;0.00;2;1971-02-03;ZEE;;;;1971-01-01
BEL;BEL034831971;;MOD;1992-01-01;1996-12-31;483;Z.483;CAROLINA;ZEEBR;OPTE;Y;Y;Y;Y;N;;FX;TBB;NO;;;;;34.21;26.90;187.00;0.00;0.00;441.00;0.00;2;1971-02-03;E10;;;;1971-01-01
BEL;BEL034831971;;MOD;1997-01-01;1999-04-29;483;Z.483;CAROLINA;ZEEBR;OPTE;Y;Y;Y;Y;N;;FX;TBB;NO;;;;;34.21;26.90;187.00;0.00;0.00;441.00;0.00;2;1971-02-03;4A1;;;;1971-01-01
BEL;BEL034831971;;MOD;1999-04-30;2001-04-26;483;Z.483;CAROLINA;ZEEBR;OPTE;Y;Y;Y;Y;N;;FX;TBB;NO;;;;;34.21;30.31;187.00;0.00;0.00;441.00;0.00;2;1971-02-03;4A1;;;;1971-01-01
BEL;BEL034832001;8972986;CST;2001-05-14;2002-12-31;483;Z.483;JASMINE;ZEEBR;OPTE;Y;Y;Y;Y;N;;FX;TBB;NO;;;;;37.81;32.98;385.00;0.00;0.00;955.00;0.00;2;2001-05-14;4A1;;;;2001-01-01
BEL;BEL034832001;8972986;MOD;2003-01-01;2006-05-30;483;Z.483;JASMINE;ZEEBR;OPTE;Y;Y;Y;Y;N;;FX;TBB;NO;;;;;37.81;32.98;385.00;0.00;0.00;955.00;0.00;2;2001-05-14;MFL;;;;2001-01-01
BEL;BEL034832001;8972986;MOD;2006-05-31;2008-10-15;483;Z.483;JASMINE;ZEEBR;OPTE;Y;Y;Y;Y;N;;FX;TBB;OTB;;;;;37.81;32.98;385.00;0.00;0.00;1105.00;0.00;2;2001-05-14;MFL;;;;2001-01-01
BEL;BEL034832001;8972986;MOD;2008-10-16;2010-04-19;483;Z.483;JASMINE;ZEEBR;OPTE;Y;Y;Y;Y;N;;FX;TBB;OTB;;;;;37.81;32.98;385.00;0.00;0.00;1200.00;0.00;2;2001-05-14;MFL;;;;2001-01-01
BEL;BEL034832001;8972986;MOD;2010-04-20;2020-08-10;483;Z.483;JASMINE;ZEEBR;OPTE;Y;Y;Y;Y;N;;FX;TBB;OTB;;;;;37.81;32.98;385.00;0.00;0.00;1200.00;0.00;2;2001-05-14;MFL;;;;2001-01-01
BEL;BEL034832001;8972986;MOD;2020-08-11;2021-01-11;048;Z.48;DE MARIA ANTONIA;ZEEBR;OPTE;Y;Y;Y;Y;Y;205243000;FX;TBB;OTB;;;;;37.81;32.98;385.00;0.00;0.00;1200.00;0.00;2;2001-05-14;MFL;;;;2001-01-01
BEL;BEL034832001;8972986;MOD;2021-01-12;2100-12-31;048;Z.48;DE MARIA ANTONIA;BEZEE;OPTE;Y;Y;Y;Y;Y;205243000;FX;TBB;OTB;;;;;37.81;32.98;385.00;0.00;0.00;1200.00;0.00;2;2001-05-14;MFL;;;;2001-01-01
BEL;BEL034832021;9896787;CST;2021-01-13;2021-02-07;483;Z.483;JASMINE;BEZEE;OPBR;Y;Y;Y;Y;Y;;FX;TBB;;;;;;38.00;36.00;385.00;0.00;0.00;1200.00;0.00;2;2021-01-13;MFL;;;;2021-01-01
BEL;BEL034832021;9896787;MOD;2021-02-08;2100-12-31;483;Z.483;JASMINE;BEZEE;OPBR;Y;Y;Y;Y;Y;205077000;FX;TBB;;;;;;38.00;36.00;385.00;0.00;0.00;1200.00;0.00;2;2021-01-13;MFL;;;;2021-01-01
BEL;BEL034841966;;CEN;1989-01-01;1991-12-31;484;Z.484;FOX;ZEEBR;OPTF;Y;N;N;Y;N;;FX;TBB;NO;;;;;27.20;23.30;0.00;96.36;0.00;221.00;0.00;2;1966-11-22;ZEE;;;;1966-01-01
BEL;BEL034841966;;MOD;1992-01-01;1992-12-22;484;Z.484;FOX;ZEEBR;OPTF;Y;N;N;Y;N;;FX;TBB;NO;;;;;27.20;23.30;0.00;96.36;0.00;221.00;0.00;2;1966-11-22;C10;;;;1966-01-01
BEL;BEL035011988;;CEN;1989-01-01;1991-12-31;501;Z.501;ASTERIAS;ZEEBR;OPTW;Y;N;N;Y;N;;FX;TBB;NO;;;;;23.97;21.57;98.00;0.00;0.00;221.00;0.00;2;1988-06-23;ZEE;;;;1988-01-01
BEL;BEL035011988;;MOD;1992-01-01;1996-12-31;501;Z.501;ASTERIAS;ZEEBR;OPTW;Y;N;N;Y;N;;FX;TBB;NO;;;;;23.97;21.57;98.00;0.00;0.00;221.00;0.00;2;1988-06-23;E10;;;;1988-01-01
BEL;BEL035011988;;MOD;1997-01-01;1998-03-05;501;Z.501;ASTERIAS;ZEEBR;OPTW;Y;N;Y;Y;N;;FX;TBB;NO;;;;;23.97;21.57;98.00;0.00;0.00;221.00;0.00;2;1988-06-23;4A1;;;;1988-01-01
BEL;BEL035011988;;MOD;1998-03-06;2002-12-31;501;N.501;ASTERIAS;NIEUW;OPTW;Y;Y;Y;Y;N;;FX;TBB;NO;;;;;23.97;21.57;98.00;0.00;0.00;221.00;0.00;2;1988-06-23;4A1;;;;1988-01-01
BEL;BEL035011988;;MOD;2003-01-01;2006-10-11;501;N.501;ASTERIAS;NIEUW;OPTW;Y;Y;Y;Y;N;;FX;TBB;NO;;;;;23.97;21.57;98.00;0.00;0.00;221.00;0.00;2;1988-06-23;MFL;;;;1988-01-01
BEL;BEL035021967;;CEN;1989-01-01;1991-12-31;502;Z.502;REGINE;ZEEBR;OPTX;Y;N;N;Y;N;;FX;OTB;TBB;;;;;28.12;18.43;0.00;124.13;0.00;221.00;0.00;2;1967-12-28;ZEE;;;;1967-01-01
BEL;BEL035021967;;MOD;1992-01-01;1992-12-30;502;Z.502;REGINE;ZEEBR;OPTX;Y;N;N;Y;N;;FX;OTB;TBB;;;;;28.12;18.43;0.00;124.13;0.00;221.00;0.00;2;1967-12-28;E13;;;;1967-01-01
BEL;BEL035061971;;CEN;1989-01-01;1991-12-31;506;Z.506;NOORDPOOL;ZEEBR;OPUB;Y;N;N;Y;N;;FX;TBB;NO;;;;;30.70;26.10;140.00;143.25;0.00;441.00;0.00;2;1971-09-07;ZEE;;;;1971-01-01
BEL;BEL035061971;;MOD;1992-01-01;1996-12-30;506;Z.506;NOORDPOOL;ZEEBR;OPUB;Y;N;N;Y;N;;FX;TBB;NO;;;;;30.70;26.90;140.00;0.00;0.00;442.00;0.00;2;1971-09-07;E10;;;;1971-01-01
BEL;BEL035071966;;CEN;1989-01-01;1991-05-01;507;Z.507;DESIRE;ZEEBR;OPUC;Y;N;N;Y;N;;FX;TBB;NO;;;;;27.40;22.90;0.00;109.29;0.00;368.00;0.00;2;1966-10-26;ZEE;;;;1966-01-01
BEL;BEL035071966;;MOD;1991-05-02;1991-12-31;507;Z.507;DESIRE;ZEEBR;OPUC;Y;N;N;Y;N;;FX;TBB;NO;;;;;27.40;24.11;0.00;112.00;0.00;368.00;0.00;2;1966-10-26;ZEE;;;;1966-01-01
BEL;BEL035071966;;MOD;1992-01-01;1992-04-01;507;Z.507;DESIRE;ZEEBR;OPUC;Y;N;N;Y;N;;FX;TBB;NO;;;;;27.40;24.11;0.00;112.00;0.00;368.00;0.00;2;1966-10-26;E10;;;;1966-01-01
BEL;BEL035091963;;CEN;1989-01-01;1991-12-31;509;Z.509;TELSTAR;ZEEBR;OPUE;Y;N;N;Y;N;;FX;TBB;NO;;;;;27.20;23.30;101.00;86.70;0.00;221.00;0.00;2;1963-09-09;ZEE;;;;1963-01-01
BEL;BEL035091963;;MOD;1992-01-01;1993-02-08;509;Z.509;TELSTAR;ZEEBR;OPUE;Y;N;N;Y;N;;FX;TBB;NO;;;;;27.20;23.70;101.00;0.00;0.00;221.00;0.00;2;1963-09-09;E10;;;;1963-01-01
BEL;BEL035091963;;MOD;1993-02-09;1995-01-25;509;Z.509;TELSTAR;ZEEBR;OPUE;Y;N;N;Y;N;;FX;TBB;NO;;;;;27.20;23.70;101.00;0.00;0.00;221.00;0.00;2;1963-09-09;C10;;;;1963-01-01
BEL;BEL035101970;;CEN;1989-01-01;1989-06-14;510;Z.510;ZEEMANSBLIK II;ZEEBR;OPUF;Y;Y;N;Y;N;;FX;OTB;NO;;;;;23.80;18.43;0.00;91.86;0.00;276.00;0.00;2;1970-01-29;ZEE;;;;1970-01-01
BEL;BEL035101989;8837473;CST;1989-06-20;1991-12-31;510;Z.510;ALBRECHT RODENBACH;ZEEBR;OPUF;Y;Y;N;Y;N;;FX;OTB;TBB;;;;;34.90;18.43;273.00;0.00;0.00;883.00;0.00;2;1989-06-20;ZEE;;;;1989-01-01
BEL;BEL035101989;8837473;MOD;1992-01-01;1996-12-31;510;Z.510;ALBRECHT RODENBACH;ZEEBR;OPUF;Y;Y;Y;Y;N;;FX;OTB;TBB;;;;;34.90;18.43;273.00;0.00;0.00;883.00;0.00;2;1989-06-20;E10;;;;1989-01-01
BEL;BEL035101989;8837473;MOD;1997-01-01;2000-02-16;510;Z.510;ALBRECHT RODENBACH;ZEEBR;OPUF;Y;Y;Y;Y;N;;FX;OTB;TBB;;;;;34.90;18.43;273.00;0.00;0.00;883.00;0.00;2;1989-06-20;4A1;;;;1989-01-01
BEL;BEL035101989;8837473;MOD;2000-02-17;2002-12-31;084;Z.84;ALBRECHT RODENBACH;ZEEBR;OPDF;Y;Y;Y;Y;N;;FX;TBB;NO;;;;;34.90;30.87;273.00;0.00;0.00;795.00;0.00;2;1989-06-20;4A1;;;;1989-01-01
BEL;BEL035101989;8837473;MOD;2003-01-01;2006-02-06;084;Z.84;ALBRECHT RODENBACH;ZEEBR;OPDF;Y;Y;Y;Y;N;;FX;TBB;NO;;;;;34.90;30.87;273.00;0.00;0.00;795.00;0.00;2;1989-06-20;MFL;;;;1989-01-01
BEL;BEL035101989;8837473;MOD;2006-02-07;2007-01-03;084;Z.84;ALBRECHT RODENBACH;ZEEBR;OPDF;Y;Y;Y;Y;N;;FX;TBB;OTB;;;;;34.90;30.87;273.00;0.00;0.00;795.00;0.00;2;1989-06-20;MFL;;;;1989-01-01
BEL;BEL035101989;8837473;MOD;2007-01-04;2007-12-10;084;Z.84;ALBRECHT RODENBACH;ZEEBR;OPDF;Y;Y;Y;Y;N;;FX;TBB;OTB;;;;;34.90;30.87;273.00;0.00;0.00;795.00;0.00;2;1989-06-20;MFL;;;;1989-01-01
BEL;BEL035101989;8837473;MOD;2007-12-11;2008-03-19;084;Z.84;ALBRECHT RODENBACH;ZEEBR;OPDF;Y;Y;Y;Y;N;;FX;TBB;OTB;;;;;34.90;30.87;273.00;0.00;0.00;950.00;0.00;2;1989-06-20;MFL;;;;1989-01-01
BEL;BEL035101989;8837473;MOD;2008-03-20;2008-05-21;084;Z.84;ALBRECHT RODENBACH;ZEEBR;OPDF;Y;Y;Y;Y;N;;FX;TBB;OTB;;;;;34.90;30.87;284.00;0.00;0.00;950.00;0.00;2;1989-06-20;MFL;;;;1989-01-01
BEL;BEL035101989;8837473;MOD;2008-05-22;2011-06-07;084;Z.84;ALBRECHT RODENBACH;ZEEBR;OPDF;Y;Y;Y;Y;N;;FX;TBB;DRB;;;;;34.90;30.87;284.00;0.00;0.00;950.00;0.00;2;1989-06-20;MFL;;;;1989-01-01
BEL;BEL035101989;8837473;MOD;2011-06-08;2015-11-29;084;Z.84;CALYPSO;ZEEBR;OPDF;Y;Y;Y;Y;N;;FX;TBB;OTB;;;;;34.90;30.87;284.00;0.00;0.00;950.00;0.00;2;1989-06-20;MFL;;;;1989-01-01
BEL;BEL035101989;8837473;MOD;2015-11-30;2020-07-05;084;Z.84;CALYPSO;ZEEBR;OPDF;Y;Y;Y;Y;N;;FX;TBB;OTB;;;;;34.90;30.87;284.00;0.00;0.00;1200.00;0.00;2;1989-06-20;MFL;;;;1989-01-01
BEL;BEL035102000;9215969;CST;2000-09-08;2002-12-31;510;Z.510;DENNIS;ZEEBR;OPUF;Y;Y;Y;Y;N;;FX;TBB;NO;;;;;37.96;33.39;388.00;0.00;0.00;882.00;0.00;2;2000-09-08;4A1;;;;2000-01-01
BEL;BEL035102000;9215969;MOD;2003-01-01;2003-10-05;510;Z.510;DENNIS;ZEEBR;OPUF;Y;Y;Y;Y;N;;FX;TBB;NO;;;;;37.96;33.39;388.00;0.00;0.00;882.00;0.00;2;2000-09-08;MFL;;;;2000-01-01
BEL;BEL035102000;9215969;MOD;2003-10-06;2006-08-29;510;Z.510;DENNIS;ZEEBR;OPUF;Y;Y;Y;Y;N;;FX;TBB;NO;;;;;37.96;33.39;388.00;0.00;0.00;957.00;0.00;2;2000-09-08;MFL;;;;2000-01-01
BEL;BEL035102000;9215969;MOD;2006-08-30;2007-11-15;510;Z.510;DENNIS;ZEEBR;OPUF;Y;Y;Y;Y;N;;FX;TBB;NO;;;;;37.96;33.39;388.00;0.00;0.00;1176.00;0.00;2;2000-09-08;MFL;;;;2000-01-01
BEL;BEL035102000;9215969;MOD;2007-11-16;2020-09-09;510;Z.510;DENNIS;ZEEBR;OPUF;Y;Y;Y;Y;N;;FX;TBB;NO;;;;;37.96;33.39;388.00;0.00;0.00;1200.00;0.00;2;2000-09-08;MFL;;;;2000-01-01
BEL;BEL035102000;9215969;MOD;2020-09-10;2021-01-13;510;Z.510;DENNIS;ZEEBR;OPUF;Y;Y;Y;Y;Y;205246000;FX;TBB;NO;;;;;37.96;33.39;388.00;0.00;0.00;1200.00;0.00;2;2000-09-08;MFL;;;;2000-01-01
BEL;BEL035102000;9215969;MOD;2021-01-14;2100-12-31;510;Z.510;DENNIS;BEZEE;OPUF;Y;Y;Y;Y;Y;205246000;FX;TBB;NO;;;;;37.96;33.39;388.00;0.00;0.00;1200.00;0.00;2;2000-09-08;MFL;;;;2000-01-01
BEL;BEL035191970;;CEN;1989-01-01;1991-12-31;519;Z.519;WHITE HORSE;ZEEBR;OPUO;Y;Y;N;Y;N;;FX;TBB;NO;;;;;28.12;24.00;154.00;0.00;0.00;386.00;0.00;2;1970-09-04;ZEE;;;;1970-01-01
BEL;BEL035191970;;MOD;1992-01-01;1993-04-07;519;Z.519;WHITE HORSE;ZEEBR;OPUO;Y;Y;N;Y;N;;FX;TBB;NO;;;;;28.12;24.00;154.00;0.00;0.00;386.00;0.00;2;1970-09-04;E10;;;;1970-01-01
BEL;BEL035191993;;CST;1993-04-23;1996-12-31;519;Z.519;RACHEL SARAH;ZEEBR;OPUO;Y;Y;N;Y;N;;FX;TBB;NO;;;;;22.07;19.43;98.00;0.00;0.00;221.00;0.00;2;1993-04-23;E10;;;;1993-01-01
BEL;BEL035191993;;MOD;1997-01-01;2002-12-31;519;Z.519;RACHEL SARAH;ZEEBR;OPUO;Y;Y;Y;Y;N;;FX;TBB;NO;;;;;22.07;19.43;98.00;0.00;0.00;221.00;0.00;2;1993-04-23;4A1;;;;1993-01-01
BEL;BEL035191993;;MOD;2003-01-01;2005-06-09;519;Z.519;RACHEL SARAH;ZEEBR;OPUO;Y;Y;Y;Y;N;;FX;TBB;NO;;;;;22.07;19.43;98.00;0.00;0.00;221.00;0.00;2;1993-04-23;MFL;;;;1993-01-01
BEL;BEL035191993;;MOD;2005-06-10;2012-06-24;519;Z.519;ENTERPRISE;ZEEBR;OPUO;Y;Y;Y;Y;N;;FX;TBB;OTB;;;;;22.07;19.43;98.00;0.00;0.00;221.00;0.00;2;1993-04-23;MFL;;;;1993-01-01
BEL;BEL035251997;9150729;CST;1997-05-15;2002-12-31;525;Z.525;SYLVIA-MARY;ZEEBR;OPUU;Y;Y;Y;Y;N;;FX;TBB;NO;;;;;23.85;20.98;138.00;0.00;0.00;221.00;0.00;2;1997-05-15;4A1;;;;1997-01-01
BEL;BEL035251997;9150729;MOD;2003-01-01;2004-11-23;525;Z.525;SYLVIA-MARY;ZEEBR;OPUU;Y;Y;Y;Y;N;;FX;TBB;NO;;;;;23.85;20.98;138.00;0.00;0.00;221.00;0.00;2;1997-05-15;MFL;;;;1997-01-01
BEL;BEL035251997;9150729;MOD;2004-11-24;2006-02-06;525;Z.525;SYLVIA-MARY;ZEEBR;OPUU;Y;Y;Y;Y;N;;FX;TBB;NO;;;;;23.85;20.98;138.00;0.00;0.00;221.00;0.00;2;1997-05-15;MFL;;;;1997-01-01
BEL;BEL035251997;9150729;MOD;2006-02-07;2008-08-18;525;Z.525;SYLVIA-MARY;ZEEBR;OPUU;Y;Y;Y;Y;N;;FX;TBB;OTB;;;;;23.85;20.98;138.00;0.00;0.00;221.00;0.00;2;1997-05-15;MFL;;;;1997-01-01
BEL;BEL035251997;9150729;MOD;2008-08-19;2015-09-07;525;Z.525;SYLVIA-MARY;ZEEBR;OPUU;Y;Y;Y;Y;N;;FX;TBB;OTB;;;;;23.85;20.98;138.00;0.00;0.00;221.00;0.00;2;1997-05-15;MFL;;;;1997-01-01
BEL;BEL035251997;9150729;MOD;2015-09-08;2020-01-14;525;Z.525;SYLVIA-MARY;ZEEBR;OPUU;Y;Y;Y;Y;N;;FX;TBB;OTB;;;;;23.85;20.98;138.00;0.00;0.00;221.00;0.00;2;1997-05-15;MFL;;;;1997-01-01
BEL;BEL035251997;9150729;MOD;2020-01-15;2020-09-09;525;Z.525;SYLVIA-MARY;ZEEBR;OPUU;Y;Y;Y;Y;N;;FX;TBB;OTB;;;;;23.85;20.98;138.00;0.00;0.00;221.00;0.00;2;1997-05-15;MFL;;;;1997-01-01
BEL;BEL035251997;9150729;MOD;2020-09-10;2021-01-17;525;Z.525;SYLVIA-MARY;ZEEBR;OPUU;Y;Y;Y;Y;Y;205232000;FX;TBB;OTB;;;;;23.85;20.98;138.00;0.00;0.00;221.00;0.00;2;1997-05-15;MFL;;;;1997-01-01
BEL;BEL035251997;9150729;MOD;2021-01-18;2100-12-31;525;Z.525;SYLVIA-MARY;BEZEE;OPUU;Y;Y;Y;Y;Y;205232000;FX;TBB;OTB;;;;;23.85;20.98;138.00;0.00;0.00;221.00;0.00;2;1997-05-15;MFL;;;;1997-01-01
BEL;BEL035261968;;CEN;1989-01-01;1989-01-18;526;Z.526;FLAMINGO II;ZEEBR;OPUV;Y;Y;N;Y;N;;FX;TBB;NO;;;;;30.70;26.10;159.00;141.65;0.00;368.00;0.00;2;1968-08-26;ZEE;;;;1968-01-01
BEL;BEL035261968;;MOD;1989-01-19;1991-12-31;526;Z.526;FLAMINGO II;ZEEBR;OPUV;Y;Y;N;Y;N;;FX;TBB;NO;;;;;30.70;26.10;159.00;152.39;0.00;368.00;0.00;2;1968-08-26;ZEE;;;;1968-01-01
BEL;BEL035261968;;MOD;1992-01-01;1996-10-24;526;Z.526;FLAMINGO II;ZEEBR;OPUV;Y;Y;N;Y;N;;FX;TBB;NO;;;;;30.70;26.90;159.00;0.00;0.00;368.00;0.00;2;1968-08-26;E10;;;;1968-01-01
BEL;BEL035261999;9202871;CST;1999-05-14;2002-12-31;526;Z.526;VAYA CON DIOS;ZEEBR;OPUV;Y;Y;Y;Y;N;;FX;TBB;NO;;;;;36.11;32.52;351.00;0.00;0.00;853.00;0.00;2;1999-05-14;4A1;;;;1999-01-01
BEL;BEL035261999;9202871;MOD;2003-01-01;2003-12-17;526;Z.526;VAYA CON DIOS;ZEEBR;OPUV;Y;Y;Y;Y;N;;FX;TBB;NO;;;;;36.11;32.52;351.00;0.00;0.00;853.00;0.00;2;1999-05-14;MFL;;;;1999-01-01
BEL;BEL035261999;9202871;MOD;2003-12-18;2006-03-02;526;Z.526;VAYA CON DIOS;ZEEBR;OPUV;Y;Y;Y;Y;N;;FX;TBB;NO;;;;;36.11;32.52;351.00;0.00;0.00;957.00;0.00;2;1999-05-14;MFL;;;;1999-01-01
BEL;BEL035261999;9202871;MOD;2006-03-03;2008-11-13;526;Z.526;VAYA CON DIOS;ZEEBR;OPUV;Y;Y;Y;Y;N;;FX;TBB;OTB;;;;;36.11;32.52;351.00;0.00;0.00;957.00;0.00;2;1999-05-14;MFL;;;;1999-01-01
BEL;BEL035261999;9202871;MOD;2008-11-14;2014-09-10;526;Z.526;VAYA CON DIOS;ZEEBR;OPUV;Y;Y;Y;Y;N;;FX;TBB;OTB;;;;;36.11;32.52;351.00;0.00;0.00;1178.00;0.00;2;1999-05-14;MFL;;;;1999-01-01
BEL;BEL035261999;9202871;MOD;2014-09-11;2020-09-09;526;Z.526;VAYA CON DIOS;ZEEBR;OPUV;Y;Y;Y;Y;N;;FX;TBB;OTB;;;;;36.11;32.52;351.00;0.00;0.00;942.00;0.00;2;1999-05-14;MFL;;;;1999-01-01
BEL;BEL035261999;9202871;MOD;2020-09-10;2021-01-11;526;Z.526;VAYA CON DIOS;ZEEBR;OPUV;Y;Y;Y;Y;Y;205316000;FX;TBB;OTB;;;;;36.11;32.52;351.00;0.00;0.00;942.00;0.00;2;1999-05-14;MFL;;;;1999-01-01
BEL;BEL035261999;9202871;MOD;2021-01-12;2100-12-31;526;Z.526;VAYA CON DIOS;BEZEE;OPUV;Y;Y;Y;Y;Y;205316000;FX;TBB;OTB;;;;;36.11;32.52;351.00;0.00;0.00;942.00;0.00;2;1999-05-14;MFL;;;;1999-01-01
BEL;BEL035361963;;CEN;1989-01-01;1991-07-21;536;Z.536;ZEEVALK;ZEEBR;OPVF;Y;N;N;Y;N;;FX;TBB;OTB;;;;;20.50;18.43;46.00;47.67;0.00;165.00;0.00;2;1963-12-11;ZEE;;;;1963-01-01
BEL;BEL035361963;;MOD;1991-07-22;1991-12-31;536;Z.536;ZEEVALK;ZEEBR;OPVF;Y;N;N;Y;N;;FX;TBB;OTB;;;;;20.50;18.43;46.00;47.67;0.00;166.00;0.00;2;1963-12-11;ZEE;;;;1963-01-01
BEL;BEL035361963;;MOD;1992-01-01;1992-03-15;536;O.536;ZEEVALK;OOSTE;OPVF;Y;Y;N;Y;N;;FX;TBB;OTB;;;;;20.50;18.43;46.00;47.67;0.00;166.00;0.00;2;1963-12-11;E10;;;;1963-01-01
BEL;BEL035361963;;MOD;1992-03-16;1996-12-31;536;O.536;ZEEVALK;OOSTE;OPVF;Y;Y;N;Y;N;;FX;TBB;OTB;;;;;20.50;18.43;46.00;47.67;0.00;166.00;0.00;2;1963-12-11;C10;;;;1963-01-01
BEL;BEL035361963;;MOD;1997-01-01;1998-08-02;536;O.536;ZEEVALK;OOSTE;OPVF;Y;Y;Y;Y;N;;FX;TBB;OTB;;;;;20.50;18.43;46.00;47.67;0.00;166.00;0.00;2;1963-12-11;4A1;;;;1963-01-01
BEL;BEL035361963;;MOD;1998-08-03;1999-11-03;536;O.536;ZEEVALK;OOSTE;OPVF;Y;Y;Y;Y;N;;FX;TBB;OTB;;;;;20.50;18.43;46.00;0.00;0.00;166.00;0.00;2;1963-12-11;4A1;;;;1963-01-01
BEL;BEL035481988;;CEN;1989-01-01;1991-12-31;548;Z.548;FLAMINGO;ZEEBR;OPVR;Y;Y;N;Y;N;;FX;TBB;NO;;;;;23.82;21.31;81.00;0.00;0.00;221.00;0.00;2;1988-11-07;ZEE;;;;1988-01-01
BEL;BEL035481988;;MOD;1992-01-01;1996-03-23;548;Z.548;FLAMINGO;ZEEBR;OPVR;Y;Y;N;Y;N;;FX;TBB;NO;;;;;23.82;21.31;81.00;0.00;0.00;221.00;0.00;2;1988-11-07;E10;;;;1988-01-01
BEL;BEL035481988;;MOD;1996-03-24;1996-12-31;548;Z.548;FLAMINGO;ZEEBR;OPVR;Y;Y;N;Y;N;;FX;TBB;NO;;;;;23.82;21.31;82.00;0.00;0.00;221.00;0.00;2;1988-11-07;E10;;;;1988-01-01
BEL;BEL035481988;;MOD;1997-01-01;1998-09-14;548;Z.548;FLAMINGO;ZEEBR;OPVR;Y;Y;Y;Y;N;;FX;TBB;NO;;;;;23.82;21.31;82.00;0.00;0.00;221.00;0.00;2;1988-11-07;4A1;;;;1988-01-01
BEL;BEL035481988;;MOD;1998-09-15;2002-12-31;548;Z.548;FLAMINGO;ZEEBR;OPVR;Y;Y;Y;Y;N;;FX;TBB;NO;;;;;23.82;21.31;82.00;0.00;0.00;221.00;0.00;2;1988-11-07;4A1;;;;1988-01-01
BEL;BEL035481988;;MOD;2003-01-01;2003-11-17;548;Z.548;FLAMINGO;ZEEBR;OPVR;Y;Y;Y;Y;N;;FX;TBB;NO;;;;;23.82;21.31;82.00;0.00;0.00;221.00;0.00;2;1988-11-07;MFL;;;;1988-01-01
BEL;BEL035541964;8433186;CEN;1989-01-01;1990-04-23;554;Z.554;LUCKY STAR II;ZEEBR;OPVX;Y;N;N;Y;N;;TU;TBB;OTB;;;;;19.20;16.55;42.00;45.14;0.00;140.00;0.00;2;1964-07-01;ZEE;;;;1964-01-01
BEL;BEL035541964;8433186;MOD;1990-04-24;1991-12-31;554;Z.554;LUCKY STAR II;ZEEBR;OPVX;Y;N;N;Y;N;;TU;TBB;OTB;;;;;19.20;16.55;42.00;45.14;0.00;191.00;0.00;2;1964-07-01;ZEE;;;;1964-01-01
BEL;BEL035541964;8433186;MOD;1992-01-01;1993-09-20;554;Z.554;NADIA;ZEEBR;OPVX;Y;N;N;Y;N;;TU;TBB;OTB;;;;;19.20;16.55;42.00;45.14;0.00;191.00;0.00;2;1964-07-01;E10;;;;1964-01-01
BEL;BEL035541964;8433186;MOD;1993-09-21;1996-12-31;554;Z.554;NADIA;ZEEBR;OPVX;Y;N;N;Y;N;;TU;TBB;OTB;;;;;19.20;16.55;42.00;45.14;0.00;191.00;0.00;2;1964-07-01;C10;;;;1964-01-01
BEL;BEL035541964;8433186;MOD;1997-01-01;1998-08-02;554;Z.554;NADIA;ZEEBR;OPVX;Y;N;Y;Y;N;;TU;TBB;OTB;;;;;19.20;16.55;42.00;45.14;0.00;191.00;0.00;2;1964-07-01;4A1;;;;1964-01-01
BEL;BEL035541964;8433186;MOD;1998-08-03;1998-09-29;554;Z.554;NADIA;ZEEBR;OPVX;Y;N;Y;Y;N;;TU;TBB;OTB;;;;;19.20;16.55;42.00;0.00;0.00;191.00;0.00;2;1964-07-01;4A1;;;;1964-01-01
BEL;BEL035681988;8745436;CEN;1989-01-01;1991-12-31;568;Z.568;VENUS;ZEEBR;OPWL;Y;Y;N;Y;N;;FX;TBB;NO;;;;;23.97;21.57;98.00;0.00;0.00;221.00;0.00;2;1988-03-15;ZEE;;;;1988-01-01
BEL;BEL035681988;8745436;MOD;1992-01-01;1996-12-31;568;Z.568;VENUS;ZEEBR;OPWL;Y;Y;N;Y;N;;FX;TBB;NO;;;;;23.97;21.57;98.00;0.00;0.00;221.00;0.00;2;1988-03-15;E10;;;;1988-01-01
BEL;BEL035681988;8745436;MOD;1997-01-01;1997-12-22;568;Z.568;VENUS;ZEEBR;OPWL;Y;Y;Y;Y;N;;FX;TBB;NO;;;;;23.97;21.57;98.00;0.00;0.00;221.00;0.00;2;1988-03-15;4A1;;;;1988-01-01
BEL;BEL035681988;8745436;MOD;1997-12-23;2002-12-31;568;Z.568;VENUS;ZEEBR;OPWL;Y;Y;Y;Y;N;;FX;TBB;NO;;;;;23.97;21.57;98.00;0.00;0.00;221.00;0.00;2;1988-03-15;4A1;;;;1988-01-01
BEL;BEL035681988;8745436;MOD;2003-01-01;2004-07-26;568;Z.568;VENUS;ZEEBR;OPWL;Y;Y;Y;Y;N;;FX;TBB;NO;;;;;23.97;21.57;98.00;0.00;0.00;221.00;0.00;2;1988-03-15;MFL;;;;1988-01-01
BEL;BEL035681988;8745436;MOD;2004-07-27;2004-12-05;568;Z.568;VENUS;ZEEBR;OPWL;Y;Y;Y;Y;N;;FX;TBB;NO;;;;;23.97;21.57;98.00;0.00;0.00;221.00;0.00;2;1988-03-15;MFL;;;;1988-01-01
BEL;BEL035681988;8745436;MOD;2004-12-06;2006-02-06;568;Z.568;VENUS;ZEEBR;OPWL;Y;Y;Y;Y;N;;FX;TBB;NO;;;;;23.97;21.57;98.00;0.00;0.00;221.00;0.00;2;1988-03-15;MFL;;;;1988-01-01
BEL;BEL035681988;8745436;MOD;2006-02-07;2008-04-27;568;Z.568;VENUS;ZEEBR;OPWL;Y;Y;Y;Y;N;;FX;TBB;OTB;;;;;23.97;21.57;98.00;0.00;0.00;221.00;0.00;2;1988-03-15;MFL;;;;1988-01-01
BEL;BEL035681988;8745436;MOD;2008-04-28;2010-07-04;468;Z.468;CLEANER;ZEEBR;OPSP;Y;N;Y;Y;N;;FX;TBB;OTB;;;;;23.97;21.57;98.00;0.00;0.00;221.00;0.00;2;1988-03-15;MFL;;;;1988-01-01
BEL;BEL035681988;8745436;MOD;2010-07-05;2015-08-12;468;Z.468;CLEANER;ZEEBR;OPSP;Y;Y;Y;Y;N;;FX;TBB;OTB;;;;;23.97;21.57;100.00;0.00;0.00;221.00;0.00;2;1988-03-15;MFL;;;;1988-01-01
BEL;BEL035681988;8745436;MOD;2015-08-13;2016-03-29;468;Z.468;CLEANER;ZEEBR;OPSP;Y;Y;Y;Y;N;;FX;TBB;OTB;;;;;23.97;21.57;100.00;0.00;0.00;221.00;0.00;2;1988-03-15;MFL;;;;1988-01-01
BEL;BEL035681988;8745436;MOD;2016-03-30;2017-01-16;180;Z.180;CORNELIS SENIOR;ZEEBR;OPGX;Y;Y;Y;Y;N;;FX;TBB;OTB;;;;;23.97;21.57;100.00;0.00;0.00;221.00;0.00;2;1988-03-15;MFL;;;;1988-01-01
BEL;BEL035681988;8745436;MOD;2017-01-17;2017-09-24;041;Z.41;ALBERT BOS;ZEEBR;OPBO;Y;Y;Y;Y;N;;FX;TBB;OTB;;;;;23.97;21.57;100.00;0.00;0.00;221.00;0.00;2;1988-03-15;MFL;;;;1988-01-01
BEL;BEL035681988;8745436;MOD;2017-09-25;2020-01-22;041;Z.41;ALBERT BOS;ZEEBR;OPBO;Y;Y;Y;Y;N;;FX;TBB;OTB;;;;;23.97;21.57;100.00;0.00;0.00;221.00;0.00;2;1988-03-15;MFL;;;;1988-01-01
BEL;BEL035681988;8745436;MOD;2020-01-23;2020-09-09;041;Z.41;ALBERT BOS;ZEEBR;OPBO;Y;Y;Y;Y;N;;FX;TBB;OTB;;;;;23.97;21.57;100.00;0.00;0.00;221.00;0.00;2;1988-03-15;MFL;;;;1988-01-01
BEL;BEL035681988;8745436;MOD;2020-09-10;2021-01-11;041;Z.41;ALBERT BOS;ZEEBR;OPBO;Y;Y;Y;Y;Y;205263000;FX;TBB;OTB;;;;;23.97;21.57;100.00;0.00;0.00;221.00;0.00;2;1988-03-15;MFL;;;;1988-01-01
BEL;BEL035681988;8745436;MOD;2021-01-12;2100-12-31;041;Z.41;ALBERT BOS;BEZEE;OPBO;Y;Y;Y;Y;Y;205263000;FX;TBB;OTB;;;;;23.97;21.57;100.00;0.00;0.00;221.00;0.00;2;1988-03-15;MFL;;;;1988-01-01
BEL;BEL035691965;;CEN;1989-01-01;1991-12-31;569;Z.569;BLAUWVOET;ZEEBR;OPWM;Y;N;N;Y;N;;FX;OTB;NO;;;;;25.00;20.60;0.00;97.44;0.00;221.00;0.00;2;1965-02-28;ZEE;;;;1965-01-01
BEL;BEL035691965;;MOD;1992-01-01;1992-06-01;569;Z.569;BLAUWVOET;ZEEBR;OPWM;Y;N;N;Y;N;;FX;OTB;NO;;;;;25.00;21.49;0.00;97.44;0.00;221.00;0.00;2;1965-02-28;E13;;;;1965-01-01
BEL;BEL035711989;8817344;CST;1989-06-30;1991-12-31;571;Z.571;CUSTOS DEUS;ZEEBR;OPWO;Y;Y;N;Y;N;;FX;TBB;NO;;;;;38.90;34.35;372.00;0.00;0.00;882.00;0.00;2;1989-06-30;ZEE;;;;1989-01-01
BEL;BEL035711989;8817344;MOD;1992-01-01;1996-12-31;571;Z.571;CUSTOS DEUS;ZEEBR;OPWO;Y;Y;N;Y;N;;FX;TBB;OTB;;;;;38.93;34.35;372.00;0.00;0.00;882.00;0.00;2;1989-06-30;E10;;;;1989-01-01
BEL;BEL035711989;8817344;MOD;1997-01-01;2000-06-04;571;Z.571;CUSTOS DEUS;ZEEBR;OPWO;Y;Y;Y;Y;N;;FX;TBB;OTB;;;;;38.93;34.35;372.00;0.00;0.00;882.00;0.00;2;1989-06-30;4A1;;;;1989-01-01
BEL;BEL035711989;8817344;MOD;2000-06-05;2002-12-31;571;Z.571;CUSTOS DEUS;ZEEBR;OPWO;Y;Y;Y;Y;N;;FX;TBB;OTB;;;;;38.93;34.35;372.00;0.00;0.00;906.00;0.00;2;1989-06-30;4A1;;;;1989-01-01
BEL;BEL035711989;8817344;MOD;2003-01-01;2003-02-09;571;Z.571;CUSTOS DEUS;ZEEBR;OPWO;Y;Y;Y;Y;N;;FX;TBB;OTB;;;;;38.93;34.35;372.00;0.00;0.00;906.00;0.00;2;1989-06-30;MFL;;;;1989-01-01
BEL;BEL035711989;8817344;MOD;2003-02-10;2003-06-03;571;Z.571;CUSTOS DEUS;ZEEBR;OPWO;Y;Y;Y;Y;N;;FX;TBB;OTB;;;;;38.93;34.35;372.00;0.00;0.00;906.00;0.00;2;1989-06-30;MFL;;;;1989-01-01
BEL;BEL035711989;8817344;MOD;2003-06-04;2007-12-10;571;Z.571;CUSTOS DEUS;ZEEBR;OPWO;Y;Y;Y;Y;N;;FX;TBB;OTB;;;;;38.93;34.35;372.00;0.00;0.00;957.00;0.00;2;1989-06-30;MFL;;;;1989-01-01
BEL;BEL035711989;8817344;MOD;2007-12-11;2008-05-27;571;Z.571;CUSTOS DEUS;ZEEBR;OPWO;Y;Y;Y;Y;N;;FX;TBB;OTB;;;;;38.93;34.35;372.00;0.00;0.00;1199.00;0.00;2;1989-06-30;MFL;;;;1989-01-01
BEL;BEL035711989;8817344;MOD;2008-05-28;2011-02-07;571;Z.571;CUSTOS DEUS;ZEEBR;OPWO;Y;Y;Y;Y;N;;FX;TBB;OTB;;;;;38.93;34.35;372.00;0.00;0.00;1199.00;0.00;2;1989-06-30;MFL;;;;1989-01-01
BEL;BEL035711989;8817344;MOD;2011-02-08;2011-12-07;571;Z.571;CUSTOS DEUS;ZEEBR;OPWO;Y;Y;Y;Y;N;;FX;TBB;OTB;;;;;38.93;34.35;372.00;0.00;0.00;959.00;0.00;2;1989-06-30;MFL;;;;1989-01-01
BEL;BEL035711989;8817344;MOD;2011-12-08;2013-12-09;571;Z.571;CUSTOS DEUS;ZEEBR;OPWO;Y;Y;Y;Y;N;;FX;TBB;OTB;;;;;38.93;34.35;372.00;0.00;0.00;959.00;0.00;2;1989-06-30;MFL;;;;1989-01-01
BEL;BEL035711989;8817344;MOD;2013-12-10;2014-06-02;571;Z.571;CUSTOS DEUS;ZEEBR;OPWO;Y;Y;Y;Y;N;;FX;TBB;OTB;;;;;38.93;34.35;372.00;0.00;0.00;1129.00;0.00;2;1989-06-30;MFL;;;;1989-01-01
BEL;BEL035711989;8817344;MOD;2014-06-03;2018-08-19;571;Z.571;CUSTOS DEUS;ZEEBR;OPWO;Y;Y;Y;Y;N;;FX;TBB;OTB;;;;;38.93;34.35;372.00;0.00;0.00;1200.00;0.00;2;1989-06-30;MFL;;;;1989-01-01
BEL;BEL035711989;8817344;MOD;2018-08-20;2019-05-20;571;Z.571;CUSTOS DEUS;ZEEBR;OPWO;Y;Y;Y;Y;N;;FX;TBB;OTB;;;;;38.93;34.35;372.00;0.00;0.00;1200.00;0.00;2;1989-06-30;MFL;;;;1989-01-01
BEL;BEL035711989;8817344;MOD;2019-05-21;2020-09-09;571;Z.571;CUSTOS DEUS;ZEEBR;OPWO;Y;Y;Y;Y;N;;FX;TBB;OTB;;;;;38.93;34.35;372.00;0.00;0.00;1200.00;0.00;2;1989-06-30;MFL;;;;1989-01-01
BEL;BEL035711989;8817344;MOD;2020-09-10;2021-01-10;571;Z.571;CUSTOS DEUS;ZEEBR;OPWO;Y;Y;Y;Y;Y;205192000;FX;TBB;OTB;;;;;38.93;34.35;372.00;0.00;0.00;1200.00;0.00;2;1989-06-30;MFL;;;;1989-01-01
BEL;BEL035711989;8817344;MOD;2021-01-11;2100-12-31;571;Z.571;CUSTOS DEUS;BEZEE;OPWO;Y;Y;Y;Y;Y;205192000;FX;TBB;OTB;;;;;38.93;34.35;372.00;0.00;0.00;1200.00;0.00;2;1989-06-30;MFL;;;;1989-01-01
BEL;BEL035731964;;CEN;1989-01-01;1991-12-31;573;Z.573;LA PALOMA;ZEEBR;OPWQ;Y;N;N;Y;N;;FX;OTB;NO;;;;;25.20;21.20;0.00;99.02;0.00;221.00;0.00;2;1965-02-09;ZEE;;;;1964-01-01
BEL;BEL035731964;;MOD;1992-01-01;1993-12-28;573;Z.573;LA PALOMA;ZEEBR;OPWQ;Y;N;N;Y;N;;FX;OTB;NO;;;;;25.20;22.07;0.00;99.02;0.00;221.00;0.00;2;1965-02-09;E13;;;;1964-01-01
BEL;BEL035752000;9092642;CST;2000-01-14;2001-02-18;575;Z.575;HEIN SENIOR;ZEEBR;OPWS;Y;Y;Y;Y;N;;FX;TBB;NO;;;;;23.99;21.30;96.00;0.00;0.00;221.00;0.00;2;2000-01-14;4A1;;;;2000-01-01
BEL;BEL035752000;9092642;MOD;2001-02-19;2002-12-31;575;Z.575;HEIN SENIOR;ZEEBR;OPWS;Y;Y;Y;Y;N;;FX;TBB;NO;;;;;23.99;21.30;102.00;0.00;0.00;221.00;0.00;2;2000-01-14;4A1;;;;2000-01-01
BEL;BEL035752000;9092642;MOD;2003-01-01;2006-03-30;575;Z.575;HEIN SENIOR;ZEEBR;OPWS;Y;Y;Y;Y;N;;FX;TBB;NO;;;;;23.99;21.30;102.00;0.00;0.00;221.00;0.00;2;2000-01-14;MFL;;;;2000-01-01
BEL;BEL035752000;9092642;MOD;2006-03-31;2012-11-06;575;Z.575;HEIN SENIOR;ZEEBR;OPWS;Y;Y;Y;Y;N;;FX;TBB;OTB;;;;;23.99;21.30;102.00;0.00;0.00;221.00;0.00;2;2000-01-14;MFL;;;;2000-01-01
BEL;BEL035752000;9092642;MOD;2012-11-07;2015-09-07;575;Z.575;HEIN SENIOR;ZEEBR;OPWS;Y;Y;Y;Y;N;;FX;TBB;OTB;;;;;23.99;21.30;102.00;0.00;0.00;221.00;0.00;2;2000-01-14;MFL;;;;2000-01-01
BEL;BEL035752000;9092642;MOD;2015-09-08;2020-09-09;575;Z.575;HEIN SENIOR;ZEEBR;OPWS;Y;Y;Y;Y;N;;FX;TBB;OTB;;;;;23.99;21.30;102.00;0.00;0.00;221.00;0.00;2;2000-01-14;MFL;;;;2000-01-01
BEL;BEL035752000;9092642;MOD;2020-09-10;2021-01-11;575;Z.575;HEIN SENIOR;ZEEBR;OPWS;Y;Y;Y;Y;Y;205128000;FX;TBB;OTB;;;;;23.99;21.30;102.00;0.00;0.00;221.00;0.00;2;2000-01-14;MFL;;;;2000-01-01
BEL;BEL035752000;9092642;MOD;2021-01-12;2100-12-31;575;Z.575;HEIN SENIOR;BEZEE;OPWS;Y;Y;Y;Y;Y;205128000;FX;TBB;OTB;;;;;23.99;21.30;102.00;0.00;0.00;221.00;0.00;2;2000-01-14;MFL;;;;2000-01-01
BEL;BEL035761969;;CEN;1989-01-01;1989-01-05;576;Z.576;OSTARA;ZEEBR;OPWT;Y;Y;N;Y;N;;FX;TBB;NO;;;;;30.70;26.10;0.00;141.65;0.00;441.00;0.00;2;1969-07-17;ZEE;;;;1969-01-01
BEL;BEL035761969;;MOD;1989-01-06;1991-12-31;576;Z.576;OSTARA;ZEEBR;OPWT;Y;Y;N;Y;N;;FX;TBB;NO;;;;;33.21;26.83;182.00;0.00;0.00;441.00;0.00;2;1969-07-17;ZEE;;;;1969-01-01
BEL;BEL035761969;;MOD;1992-01-01;1996-12-31;576;Z.576;OSTARA;ZEEBR;OPWT;Y;Y;N;Y;N;;FX;TBB;NO;;;;;33.21;26.83;182.00;0.00;0.00;441.00;0.00;2;1969-07-17;E10;;;;1969-01-01
BEL;BEL035761969;;MOD;1997-01-01;1998-09-01;576;Z.576;OSTARA;ZEEBR;OPWT;Y;Y;Y;Y;N;;FX;TBB;NO;;;;;33.21;26.83;182.00;0.00;0.00;441.00;0.00;2;1969-07-17;4A1;;;;1969-01-01
BEL;BEL035761999;8976451;CST;1999-06-22;2002-12-31;576;Z.576;MARE NOSTRUM;ZEEBR;OPWT;Y;Y;Y;Y;N;;FX;TBB;NO;;;;;37.89;32.98;385.00;0.00;0.00;883.00;0.00;2;1999-06-22;4A1;;;;1999-01-01
BEL;BEL035761999;8976451;MOD;2003-01-01;2009-12-21;576;Z.576;MARE NOSTRUM;ZEEBR;OPWT;Y;Y;Y;Y;N;;FX;TBB;NO;;;;;37.89;32.98;385.00;0.00;0.00;883.00;0.00;2;1999-06-22;MFL;;;;1999-01-01
BEL;BEL035761999;8976451;MOD;2009-12-22;2011-04-19;576;Z.576;MARE NOSTRUM;ZEEBR;OPWT;Y;Y;Y;Y;N;;FX;TBB;NO;;;;;37.89;32.98;385.00;0.00;0.00;1199.00;0.00;2;1999-06-22;MFL;;;;1999-01-01
BEL;BEL035761999;8976451;MOD;2011-04-20;2017-11-28;576;Z.576;MARE NOSTRUM;ZEEBR;OPWT;Y;Y;Y;Y;N;;FX;TBB;NO;;;;;37.89;32.98;385.00;0.00;0.00;959.00;0.00;2;1999-06-22;MFL;;;;1999-01-01
BEL;BEL035761999;8976451;MOD;2017-11-29;2020-09-09;576;Z.576;MARE NOSTRUM;ZEEBR;OPWT;Y;Y;Y;Y;N;;FX;TBB;NO;;;;;37.89;32.98;385.00;0.00;0.00;1200.00;0.00;2;1999-06-22;MFL;;;;1999-01-01
BEL;BEL035761999;8976451;MOD;2020-09-10;2021-01-11;576;Z.576;MARE NOSTRUM;ZEEBR;OPWT;Y;Y;Y;Y;Y;205322000;FX;TBB;NO;;;;;37.89;32.98;385.00;0.00;0.00;1200.00;0.00;2;1999-06-22;MFL;;;;1999-01-01
BEL;BEL035761999;8976451;MOD;2021-01-12;2100-12-31;576;Z.576;MARE NOSTRUM;BEZEE;OPWT;Y;Y;Y;Y;Y;205322000;FX;TBB;NO;;;;;37.89;32.98;385.00;0.00;0.00;1200.00;0.00;2;1999-06-22;MFL;;;;1999-01-01
BEL;BEL035781965;;CEN;1989-01-01;1991-12-31;578;Z.578;CAROHEIN;ZEEBR;OPWV;Y;N;N;Y;N;;FX;TBB;PTB;;;;;21.00;17.75;0.00;57.84;0.00;217.00;0.00;1;1966-02-15;ZEE;;;;1965-01-01
BEL;BEL035781965;;MOD;1992-01-01;1992-06-21;578;Z.578;CAROHEIN;ZEEBR;OPWV;Y;N;N;Y;N;;FX;TBB;PTB;;;;;21.00;17.75;0.00;57.84;0.00;217.00;0.00;1;1966-02-15;C10;;;;1965-01-01
BEL;BEL035801963;;CEN;1989-01-01;1991-12-31;580;Z.580;POSEIDON;ZEEBR;OPWX;Y;N;N;Y;N;;FX;PTB;TBB;;;;;19.80;16.50;0.00;48.82;0.00;206.00;0.00;1;1963-04-16;ZEE;;;;1963-01-01
BEL;BEL035801963;;MOD;1992-01-01;1994-07-31;580;Z.580;POSEIDON;ZEEBR;OPWX;Y;N;N;Y;N;;FX;PTB;TBB;;;;;20.64;17.63;61.00;0.00;0.00;206.00;0.00;1;1963-04-16;E10;;;;1963-01-01
BEL;BEL035801963;;MOD;1994-08-01;1996-12-31;580;Z.580;POSEIDON;ZEEBR;OPWX;Y;N;N;Y;N;;FX;PTB;TBB;;;;;20.64;17.63;61.00;0.00;0.00;206.00;0.00;1;1963-04-16;C10;;;;1963-01-01
BEL;BEL035801963;;MOD;1997-01-01;1999-03-03;580;Z.580;POSEIDON;ZEEBR;OPWX;Y;N;Y;Y;N;;FX;PTB;TBB;;;;;20.64;17.63;61.00;0.00;0.00;206.00;0.00;1;1963-04-16;4A1;;;;1963-01-01
BEL;BEL035821964;;CEN;1989-01-01;1990-02-28;582;Z.582;ASANNAT;ZEEBR;OPWZ;Y;Y;N;Y;N;;FX;OTB;NO;;;;;19.80;16.50;51.00;48.82;0.00;107.00;0.00;1;1964-10-22;ZEE;;;;1964-01-01
BEL;BEL035821964;;MOD;1990-03-01;1991-12-31;582;Z.582;ASANNAT;ZEEBR;OPWZ;Y;Y;N;Y;N;;FX;TBB;OTB;;;;;19.80;16.50;51.00;48.82;0.00;107.00;0.00;1;1964-10-22;ZEE;;;;1964-01-01
BEL;BEL035821964;;MOD;1992-01-01;1996-12-31;582;Z.582;ASANNAT;ZEEBR;OPWZ;Y;Y;N;Y;N;;FX;TBB;OTB;;;;;19.80;16.50;51.00;48.82;0.00;107.00;0.00;1;1964-10-22;E10;;;;1964-01-01
BEL;BEL035821964;;MOD;1997-01-01;1998-04-20;582;Z.582;ASANNAT;ZEEBR;OPWZ;Y;Y;Y;Y;N;;FX;TBB;OTB;;;;;19.80;16.50;51.00;48.82;0.00;107.00;0.00;1;1964-10-22;4A1;;;;1964-01-01
BEL;BEL035831970;;CEN;1989-01-01;1991-12-31;583;Z.583;ANGELINA;ZEEBR;OPXA;Y;Y;N;Y;N;;FX;TBB;NO;;;;;30.70;26.10;149.00;142.45;0.00;386.00;0.00;2;1970-04-30;ZEE;;;;1970-01-01
BEL;BEL035831970;;MOD;1992-01-01;1996-12-31;583;Z.583;ANGELINA;ZEEBR;OPXA;Y;Y;N;Y;N;;FX;TBB;NO;;;;;30.70;26.48;149.00;0.00;0.00;552.00;0.00;2;1970-04-30;E10;;;;1970-01-01
BEL;BEL035831970;;MOD;1997-01-01;2002-12-31;583;Z.583;ANGELINA;ZEEBR;OPXA;Y;Y;Y;Y;N;;FX;TBB;NO;;;;;30.70;26.48;149.00;0.00;0.00;552.00;0.00;2;1970-04-30;4A1;;;;1970-01-01
BEL;BEL035831970;;MOD;2003-01-01;2008-10-15;583;Z.583;ANGELINA;ZEEBR;OPXA;Y;Y;Y;Y;N;;FX;TBB;NO;;;;;30.70;26.48;149.00;0.00;0.00;552.00;0.00;2;1970-04-30;MFL;;;;1970-01-01
BEL;BEL035841967;;CEN;1989-01-01;1991-12-31;584;Z.584;SEA BIRD;ZEEBR;OPXB;Y;N;N;Y;N;;FX;TBB;NO;;;;;27.40;22.90;0.00;109.29;0.00;294.00;0.00;2;1967-07-19;ZEE;;;;1967-01-01
BEL;BEL035841967;;MOD;1992-01-01;1993-12-27;584;Z.584;SEA BIRD;ZEEBR;OPXB;Y;N;N;Y;N;;FX;TBB;NO;;;;;27.40;24.11;0.00;109.29;0.00;294.00;0.00;2;1967-07-19;E10;;;;1967-01-01
BEL;BEL035861963;;CEN;1989-01-01;1991-12-31;586;Z.586;MERMAID;ZEEBR;OPXD;Y;N;N;Y;N;;FX;TBB;OTB;;;;;18.00;16.00;0.00;38.95;0.00;143.00;0.00;2;1963-07-01;ZEE;;;;1963-01-01
BEL;BEL035861963;;MOD;1992-01-01;1992-03-19;586;Z.586;MERMAID;ZEEBR;OPXD;Y;N;N;Y;N;;FX;TBB;OTB;;;;;18.00;16.00;0.00;38.95;0.00;177.00;0.00;2;1963-07-01;E10;;;;1963-01-01
BEL;BEL035861963;;MOD;1992-03-20;1996-11-11;586;Z.586;MERMAID;ZEEBR;OPXD;Y;N;N;Y;N;;FX;TBB;OTB;;;;;18.00;16.00;0.00;38.95;0.00;177.00;0.00;2;1963-07-01;C10;;;;1963-01-01
BEL;BEL035961988;8812760;CEN;1989-01-01;1991-12-31;596;Z.596;DE ZWERVER;ZEEBR;OPXN;Y;Y;N;Y;N;;FX;TBB;NO;;;;;37.09;33.00;366.00;0.00;0.00;880.00;0.00;2;1988-08-02;ZEE;;;;1988-01-01
BEL;BEL035961988;8812760;MOD;1992-01-01;1996-12-31;596;Z.596;DE ZWERVER;ZEEBR;OPXN;Y;Y;Y;Y;N;;FX;TBB;NO;;;;;37.09;33.00;366.00;0.00;0.00;880.00;0.00;2;1988-08-02;E10;;;;1988-01-01
BEL;BEL035961988;8812760;MOD;1997-01-01;2000-01-09;596;Z.596;DE ZWERVER;ZEEBR;OPXN;Y;Y;Y;Y;N;;FX;TBB;NO;;;;;37.09;33.00;366.00;0.00;0.00;880.00;0.00;2;1988-08-02;4A1;;;;1988-01-01
BEL;BEL035961988;8812760;MOD;2000-01-10;2002-12-31;596;Z.596;DE ZWERVER;ZEEBR;OPXN;Y;Y;Y;Y;N;;FX;TBB;NO;;;;;37.09;32.73;366.00;0.00;0.00;957.00;0.00;2;1988-08-02;4A1;;;;1988-01-01
BEL;BEL035961988;8812760;MOD;2003-01-01;2007-01-03;596;Z.596;DE ZWERVER;ZEEBR;OPXN;Y;Y;Y;Y;N;;FX;TBB;NO;;;;;37.09;32.73;366.00;0.00;0.00;957.00;0.00;2;1988-08-02;MFL;;;;1988-01-01
BEL;BEL035961988;8812760;MOD;2007-01-04;2007-03-14;596;Z.596;DE ZWERVER;ZEEBR;OPXN;Y;Y;Y;Y;N;;FX;TBB;NO;;;;;37.09;32.73;366.00;0.00;0.00;1178.00;0.00;2;1988-08-02;MFL;;;;1988-01-01
BEL;BEL035961988;8812760;MOD;2007-03-15;2007-10-28;596;Z.596;DE ZWERVER;ZEEBR;OPXN;Y;Y;Y;Y;N;;FX;TBB;NO;;;;;37.09;32.96;366.00;0.00;0.00;1178.00;0.00;2;1988-08-02;MFL;;;;1988-01-01
BEL;BEL035961988;8812760;MOD;2007-10-29;2012-12-02;596;Z.596;DE ZWERVER;ZEEBR;OPXN;Y;Y;Y;Y;N;;FX;TBB;NO;;;;;37.09;32.96;366.00;0.00;0.00;1200.00;0.00;2;1988-08-02;MFL;;;;1988-01-01
BEL;BEL035961988;8812760;MOD;2012-12-03;2015-09-21;596;Z.596;DE ZWERVER;ZEEBR;OPXN;Y;Y;Y;Y;N;;FX;TBB;NO;;;;;37.09;32.96;366.00;0.00;0.00;960.00;0.00;2;1988-08-02;MFL;;;;1988-01-01
BEL;BEL035961988;8812760;MOD;2015-09-22;2017-12-06;596;Z.596;DE ZWERVER;ZEEBR;OPXN;Y;Y;Y;Y;N;;FX;TBB;NO;;;;;37.09;32.96;366.00;0.00;0.00;1200.00;0.00;2;1988-08-02;MFL;;;;1988-01-01
BEL;BEL035961988;8812760;MOD;2017-12-07;2018-04-24;596;Z.596;DE ZWERVER;ZEEBR;OPXN;Y;Y;Y;Y;N;;FX;TBB;NO;;;;;37.09;32.96;366.00;0.00;0.00;1200.00;0.00;2;1988-08-02;MFL;;;;1988-01-01
BEL;BEL035961988;8812760;MOD;2018-04-25;2019-02-12;115;Z.115;ANTJE DE VRIES;ZEEBR;OPEK;Y;Y;Y;Y;N;;FX;TBB;OTB;;;;;37.09;32.96;366.00;0.00;0.00;1200.00;0.00;2;1988-08-02;MFL;;;;1988-01-01
BEL;BEL035961988;8812760;MOD;2019-02-13;2020-09-09;115;Z.115;ANTJE DE VRIES;ZEEBR;OPEK;Y;Y;Y;Y;N;;FX;TBB;OTB;;;;;37.84;32.96;369.00;0.00;0.00;1200.00;0.00;2;1988-08-02;MFL;;;;1988-01-01
BEL;BEL035961988;8812760;MOD;2020-09-10;2021-01-11;115;Z.115;ANTJE DE VRIES;ZEEBR;OPEK;Y;Y;Y;Y;Y;205752000;FX;TBB;OTB;;;;;37.84;32.96;369.00;0.00;0.00;1200.00;0.00;2;1988-08-02;MFL;;;;1988-01-01
BEL;BEL035961988;8812760;MOD;2021-01-12;2100-12-31;115;Z.115;ANTJE DE VRIES;BEZEE;OPEK;Y;Y;Y;Y;Y;205752000;FX;TBB;OTB;;;;;37.84;32.96;369.00;0.00;0.00;1200.00;0.00;2;1988-08-02;MFL;;;;1988-01-01
BEL;BEL035971965;;CEN;1989-01-01;1991-12-31;597;Z.597;JUPITER;ZEEBR;OPXO;Y;N;N;Y;N;;FX;OTB;NO;;;;;21.00;19.82;97.00;98.39;0.00;221.00;0.00;2;1965-03-25;ZEE;;;;1965-01-01
BEL;BEL035971965;;MOD;1992-01-01;1993-12-28;597;Z.597;JUPITER;ZEEBR;OPXO;Y;N;N;Y;N;;FX;OTB;NO;;;;;21.00;19.82;97.00;0.00;0.00;221.00;0.00;2;1965-03-25;E13;;;;1965-01-01
BEL;BEL037002012;8564557;CST;2012-10-12;2018-04-15;700;Z.700;BRAVEHAERT;ZEEBR;OQBV;Y;Y;Y;Y;N;;FX;OTB;TBB;;;;;14.80;14.79;23.00;0.00;0.00;221.00;0.00;2;2012-10-12;MFL;;;;2012-01-01
BEL;BEL037002012;8564557;MOD;2018-04-16;2020-02-12;700;Z.700;BRAVEHAERT;ZEEBR;OQBV;Y;Y;Y;Y;N;;FX;OTB;NO;;;;;14.80;14.80;23.00;0.00;0.00;221.00;0.00;2;2012-10-12;MFL;;;;2012-01-01
BEL;BEL037002012;8564557;MOD;2020-02-13;2020-09-09;700;Z.700;BRAVEHAERT;ZEEBR;OQBV;Y;Y;Y;Y;N;;FX;OTB;NO;;;;;14.80;14.80;23.00;0.00;0.00;221.00;0.00;2;2012-10-12;MFL;;;;2012-01-01
BEL;BEL037002012;8564557;MOD;2020-09-10;2021-01-04;700;Z.700;BRAVEHAERT;ZEEBR;OQBV;Y;Y;Y;Y;Y;205010000;FX;OTB;NO;;;;;14.80;14.80;23.00;0.00;0.00;221.00;0.00;2;2012-10-12;MFL;;;;2012-01-01
BEL;BEL037002012;8564557;MOD;2021-01-05;2021-01-17;700;Z.700;BRAVEHAERT;BEZEE;OQBV;Y;Y;Y;Y;Y;205010000;FX;OTB;NO;;;;;14.80;14.80;23.00;0.00;0.00;221.00;0.00;2;2012-10-12;MFL;;;;2012-01-01
BEL;BEL037382002;9246059;CST;2002-07-08;2002-12-31;738;Z.738;KARIENA-MARJANNE;ZEEBR;OQDL;Y;Y;Y;Y;N;;FX;TBB;NO;;;;;22.42;19.95;98.00;0.00;0.00;221.00;0.00;2;2002-07-08;4A1;;;;2002-01-01
BEL;BEL037382002;9246059;MOD;2003-01-01;2006-02-16;738;Z.738;KARIENA-MARJANNE;ZEEBR;OQDL;Y;Y;Y;Y;N;;FX;TBB;NO;;;;;22.42;19.95;98.00;0.00;0.00;221.00;0.00;2;2002-07-08;MFL;;;;2002-01-01
BEL;BEL037382002;9246059;MOD;2006-02-17;2012-04-23;738;Z.738;KARIENA-MARJANNE;ZEEBR;OQDL;Y;Y;Y;Y;N;;FX;TBB;OTB;;;;;22.42;19.95;98.00;0.00;0.00;221.00;0.00;2;2002-07-08;MFL;;;;2002-01-01
BEL;BEL037382002;9246059;MOD;2012-04-24;2015-03-12;738;Z.738;KARIENA-MARJANNE;ZEEBR;OQDL;Y;Y;Y;Y;N;;FX;SSC;TBB;;;;;27.84;24.96;128.00;0.00;0.00;221.00;0.00;2;2002-07-08;MFL;;;;2002-01-01
BEL;BEL037382002;9246059;MOD;2015-03-13;2016-02-22;181;Z.181;DUBBELE SENIOR;ZEEBR;OPGY;Y;Y;Y;Y;N;;FX;OTB;TBB;;;;;27.84;24.96;128.00;0.00;0.00;221.00;0.00;2;2002-07-08;MFL;;;;2002-01-01
BEL;BEL037382002;9246059;MOD;2016-02-23;2016-03-29;181;Z.181;DUBBELE SENIOR;ZEEBR;OPGY;Y;Y;Y;Y;N;;FX;OTB;TBB;;;;;27.84;24.96;128.00;0.00;0.00;471.00;0.00;2;2002-07-08;MFL;;;;2002-01-01
BEL;BEL037382002;9246059;MOD;2016-03-30;2016-06-30;181;Z.181;DUBBELE SENIOR;ZEEBR;OPGY;Y;Y;Y;Y;N;;FX;OTB;TBB;;;;;27.84;24.96;128.00;0.00;0.00;691.00;0.00;2;2002-07-08;MFL;;;;2002-01-01
BEL;BEL037382002;9246059;MOD;2016-07-01;2019-05-15;181;Z.181;DUBBELE SENIOR;ZEEBR;OPGY;Y;Y;Y;Y;N;;FX;OTB;TBB;;;;;27.84;24.96;128.00;0.00;0.00;852.00;0.00;2;2002-07-08;MFL;;;;2002-01-01
BEL;BEL037382002;9246059;MOD;2019-05-16;2020-03-19;282;Z.282;JOCHEM;ZEEBR;OPKV;Y;Y;Y;Y;N;;FX;SSC;OTB;;;;;27.84;24.96;128.00;0.00;0.00;852.00;0.00;2;2002-07-08;MFL;;;;2002-01-01
BEL;BEL040031974;;CEN;1989-01-01;1991-02-13;003;N.3;FREDERICK-PATRICK;NIEUW;OPAC;Y;N;N;Y;N;;TO;OTB;TBB;;;;;27.20;20.65;119.00;118.46;0.00;331.00;0.00;2;1974-07-19;ZEE;;;;1974-01-01
BEL;BEL040031974;;MOD;1991-02-14;1991-12-31;003;N.3;PATRICK;NIEUW;OPAC;Y;N;N;Y;N;;TO;OTB;TBB;;;;;27.20;20.65;119.00;118.46;0.00;331.00;0.00;2;1974-07-19;ZEE;;;;1974-01-01
BEL;BEL040031974;;MOD;1992-01-01;1996-12-31;003;N.3;PATRICK;NIEUW;OPAC;Y;N;Y;Y;N;;TO;OTB;TBB;;;;;27.20;20.65;119.00;118.46;0.00;331.00;0.00;2;1974-07-19;C10;;;;1974-01-01
BEL;BEL040031974;;MOD;1997-01-01;1998-06-02;003;N.3;PATRICK;NIEUW;OPAC;Y;N;Y;Y;N;;TO;OTB;TBB;;;;;27.20;20.65;119.00;118.46;0.00;331.00;0.00;2;1974-07-19;4A2;;;;1974-01-01
BEL;BEL040221963;;CEN;1989-01-01;1990-09-10;022;N.22;ZEESTER;NIEUW;OPAV;Y;N;N;Y;N;;FX;PTB;TBB;;;;;19.00;16.53;37.00;34.13;0.00;216.00;0.00;2;1979-11-19;ZEE;;;;1963-01-01
BEL;BEL040221963;;MOD;1990-09-11;1991-12-31;022;N.22;ZEESTER;NIEUW;OPAV;Y;N;N;Y;N;;FX;PTB;TBB;;;;;19.00;16.53;37.00;0.00;0.00;216.00;0.00;2;1979-11-19;ZEE;;;;1963-01-01
BEL;BEL040221963;;MOD;1992-01-01;1996-12-31;022;N.22;ZEESTER;NIEUW;OPAV;Y;N;N;Y;N;;FX;PTB;TBB;;;;;19.00;16.53;37.00;0.00;0.00;216.00;0.00;2;1979-11-19;E10;;;;1963-01-01
BEL;BEL040221963;;MOD;1997-01-01;1998-05-24;022;N.22;ZEESTER;NIEUW;OPAV;Y;N;Y;Y;N;;FX;PTB;TBB;;;;;19.00;16.53;37.00;0.00;0.00;216.00;0.00;2;1979-11-19;4A1;;;;1963-01-01
BEL;BEL040221963;;MOD;1998-05-25;1999-03-29;211;O.211;ZEESTER;OOSTE;OPIC;Y;N;Y;Y;N;;FX;TBB;NO;;;;;19.00;16.53;37.00;0.00;0.00;216.00;0.00;2;1979-11-19;4A1;;;;1963-01-01
BEL;BEL040221963;;MOD;1999-03-30;2002-12-31;020;O.20;MIETJE;OOSTE;OPAT;Y;Y;Y;Y;N;;FX;TBB;OTB;;;;;19.00;16.53;37.00;0.00;0.00;216.00;0.00;2;1979-11-19;4A1;;;;1963-01-01
BEL;BEL040221963;;MOD;2003-01-01;2007-12-17;020;O.20;MIETJE;OOSTE;OPAT;Y;Y;Y;Y;N;;FX;TBB;OTB;;;;;19.00;16.53;37.00;0.00;0.00;216.00;0.00;2;1979-11-19;MFL;;;;1963-01-01
BEL;BEL040221963;;MOD;2007-12-18;2008-09-02;020;O.20;NYX;OOSTE;OPAT;Y;Y;Y;Y;N;;FX;TBB;OTB;;;;;19.00;16.53;37.00;0.00;0.00;216.00;0.00;2;1979-11-19;MFL;;;;1963-01-01
BEL;BEL040221963;;MOD;2008-09-03;2016-03-29;020;O.20;NYX;OOSTE;OPAT;Y;Y;Y;Y;N;;FX;TBB;OTB;;;;;19.00;16.53;37.00;0.00;0.00;216.00;0.00;2;1979-11-19;MFL;;;;1963-01-01
BEL;BEL040221963;;MOD;2016-03-30;2016-06-29;020;O.20;NYX;OOSTE;OPAT;Y;Y;Y;Y;N;;FX;TBB;OTB;;;;;19.00;16.53;37.00;0.00;0.00;216.00;0.00;2;1979-11-19;MFL;;;;1963-01-01
BEL;BEL040222010;;CST;2010-06-10;2010-08-18;022;N.22;MAYRA-LISA;NIEUW;OPAV;Y;Y;Y;Y;N;;FX;GNS;GTR;;;;;14.98;14.97;28.00;0.00;0.00;229.00;0.00;3;2010-06-10;MFL;;;;2010-01-01
BEL;BEL040222010;;MOD;2010-08-19;2012-04-03;022;N.22;MAYRA-LISA;NIEUW;OPAV;Y;Y;Y;Y;N;;FX;GNS;GTR;;;;;14.98;14.97;28.00;0.00;0.00;744.00;0.00;3;2010-06-10;MFL;;;;2010-01-01
BEL;BEL040361981;;CEN;1989-01-01;1991-02-24;036;N.36;DONIA;NIEUW;OPBJ;Y;N;N;Y;N;;FX;TBB;NO;;;;;34.60;30.65;281.00;264.69;0.00;882.00;0.00;2;1981-05-14;ZEE;;;;1981-01-01
BEL;BEL040361981;;MOD;1991-02-25;1991-12-31;036;N.36;DONIA;NIEUW;OPBJ;Y;N;N;Y;N;;FX;TBB;NO;;;;;34.60;30.65;281.00;264.37;0.00;882.00;0.00;2;1981-05-14;ZEE;;;;1981-01-01
BEL;BEL040361981;;MOD;1992-01-01;1996-12-30;036;N.36;DONIA;NIEUW;OPBJ;Y;N;N;Y;N;;FX;TBB;NO;;;;;34.60;31.22;281.00;0.00;0.00;882.00;0.00;2;1981-05-14;E10;;;;1981-01-01
BEL;BEL040361981;;MOD;1996-12-31;1996-12-31;036;N.36;DONIA;NIEUW;OPBJ;Y;N;N;Y;N;;FX;TBB;NO;;;;;34.60;31.22;281.00;0.00;0.00;883.00;0.00;2;1981-05-14;E10;;;;1981-01-01
BEL;BEL040361981;;MOD;1997-01-01;1998-10-19;036;N.36;DONIA;NIEUW;OPBJ;Y;N;Y;Y;N;;FX;TBB;NO;;;;;34.60;31.22;281.00;0.00;0.00;883.00;0.00;2;1981-05-14;4A1;;;;1981-01-01
BEL;BEL040361981;;MOD;1998-10-20;1999-12-16;036;Z.36;ARCA;ZEEBR;OPBJ;Y;Y;Y;Y;N;;FX;TBB;NO;;;;;34.60;31.04;281.00;0.00;0.00;883.00;0.00;2;1981-05-14;4A1;;;;1981-01-01
BEL;BEL040361981;;MOD;1999-12-17;2002-12-31;036;Z.36;ARCA;ZEEBR;OPBJ;Y;Y;Y;Y;N;;FX;TBB;NO;;;;;34.60;31.04;286.00;0.00;0.00;883.00;0.00;2;1981-05-14;4A1;;;;1981-01-01
BEL;BEL040361981;;MOD;2003-01-01;2007-12-09;036;Z.36;ARCA;ZEEBR;OPBJ;Y;Y;Y;Y;N;;FX;TBB;NO;;;;;34.60;31.04;286.00;0.00;0.00;883.00;0.00;2;1981-05-14;MFL;;;;1981-01-01
BEL;BEL040401973;;CEN;1989-01-01;1991-12-31;040;N.40;RAVELINGEN;NIEUW;OPBN;Y;N;N;Y;N;;FX;OTB;NO;;;;;25.58;20.65;0.00;103.68;0.00;276.00;0.00;2;1973-11-30;ZEE;;;;1973-01-01
BEL;BEL040401973;;MOD;1992-01-01;1992-12-22;040;N.40;RAVELINGEN;NIEUW;OPBN;Y;N;N;Y;N;;FX;OTB;NO;;;;;25.58;20.65;0.00;103.68;0.00;276.00;0.00;2;1973-11-30;E13;;;;1973-01-01
BEL;BEL040451961;;CEN;1989-01-01;1991-12-31;045;N.45;HERAKLES;NIEUW;OPBS;Y;N;N;Y;N;;FX;OTB;TBB;;;;;31.35;27.00;170.00;148.43;0.00;397.00;0.00;2;1961-07-01;ZEE;;;;1961-01-01
BEL;BEL040451961;;MOD;1992-01-01;1992-12-02;045;Z.45;HERAKLES;ZEEBR;OPBS;Y;Y;N;Y;N;;FX;OTB;TBB;;;;;31.35;27.40;170.00;148.43;0.00;397.00;0.00;2;1961-07-01;E13;;;;1961-01-01
BEL;BEL040451961;;MOD;1992-12-03;1995-02-09;045;Z.45;HERAKLES;ZEEBR;OPBS;Y;Y;N;Y;N;;FX;OTB;TBB;;;;;31.35;27.40;170.00;0.00;0.00;397.00;0.00;2;1961-07-01;E13;;;;1961-01-01
BEL;BEL040491982;;CEN;1989-01-01;1990-10-25;049;N.49;STEVE;NIEUW;OPBW;Y;N;N;Y;N;;FX;TBB;PTB;;;;;14.00;12.37;24.00;0.00;0.00;143.00;0.00;2;1984-11-05;ZEE;;;;1982-01-01
BEL;BEL040491982;;MOD;1990-10-26;1991-12-31;049;O.49;STEVE;OOSTE;OPBW;Y;N;N;Y;N;;FX;TBB;PTB;;;;;14.00;12.37;24.00;0.00;0.00;143.00;0.00;2;1984-11-05;ZEE;;;;1982-01-01
BEL;BEL040491982;;MOD;1992-01-01;1993-07-06;049;O.49;STEVE;OOSTE;OPBW;Y;N;N;Y;N;;FX;TBB;PTB;;;;;14.00;12.37;24.00;0.00;0.00;144.00;0.00;2;1984-11-05;E10;;;;1982-01-01
BEL;BEL040491982;;MOD;1993-07-07;1995-02-26;049;O.49;STEVE;OOSTE;OPBW;Y;N;N;Y;N;;FX;TBB;PTB;;;;;14.00;12.37;24.00;0.00;0.00;144.00;0.00;2;1984-11-05;C10;;;;1982-01-01
BEL;BEL040521984;8985153;CEN;1989-01-01;1989-05-30;052;N.52;DE KOTTENS II;NIEUW;OPBZ;Y;N;N;Y;N;;TU;TBB;NO;;;;;23.90;20.65;93.00;0.00;0.00;221.00;0.00;2;1984-02-11;ZEE;;;;1984-01-01
BEL;BEL040521984;8985153;MOD;1989-05-31;1991-12-31;052;N.52;SEA HUNTER;NIEUW;OPBZ;Y;N;N;Y;N;;TU;TBB;NO;;;;;23.90;20.65;93.00;0.00;0.00;221.00;0.00;2;1984-02-11;ZEE;;;;1984-01-01
BEL;BEL040521984;8985153;MOD;1992-01-01;1996-12-31;052;N.52;SEA HUNTER;NIEUW;OPBZ;Y;N;N;Y;N;;TU;TBB;NO;;;;;23.90;20.65;93.00;0.00;0.00;221.00;0.00;2;1984-02-11;E10;;;;1984-01-01
BEL;BEL040521984;8985153;MOD;1997-01-01;1998-10-07;052;N.52;SEA HUNTER;NIEUW;OPBZ;Y;N;Y;Y;N;;TU;TBB;NO;;;;;23.90;20.65;93.00;0.00;0.00;221.00;0.00;2;1984-02-11;4A1;;;;1984-01-01
BEL;BEL040571986;8524076;CEN;1989-01-01;1991-04-17;057;N.57;TERRY;NIEUW;OPCE;Y;Y;N;Y;N;;FX;TBB;NO;;;;;23.75;20.65;89.00;0.00;0.00;221.00;0.00;2;1986-10-17;ZEE;;;;1986-01-01
BEL;BEL040571986;8524076;MOD;1991-04-18;1991-12-31;057;N.57;TERRY;NIEUW;OPCE;Y;Y;N;Y;N;;FX;TBB;NO;;;;;23.75;21.15;95.00;0.00;0.00;221.00;0.00;2;1986-10-17;ZEE;;;;1986-01-01
BEL;BEL040571986;8524076;MOD;1992-01-01;1996-03-21;057;N.57;TERRY;NIEUW;OPCE;Y;Y;N;Y;N;;FX;TBB;NO;;;;;23.75;21.15;95.00;0.00;0.00;221.00;0.00;2;1986-10-17;E10;;;;1986-01-01
BEL;BEL040571986;8524076;MOD;1996-03-22;1996-12-31;057;N.57;TERRY;NIEUW;OPCE;Y;Y;N;Y;N;;FX;TBB;NO;;;;;23.75;21.15;99.00;0.00;0.00;221.00;0.00;2;1986-10-17;E10;;;;1986-01-01
BEL;BEL040571986;8524076;MOD;1997-01-01;2002-12-31;057;N.57;TERRY;NIEUW;OPCE;Y;Y;Y;Y;N;;FX;TBB;NO;;;;;23.75;21.15;99.00;0.00;0.00;221.00;0.00;2;1986-10-17;4A1;;;;1986-01-01
BEL;BEL040571986;8524076;MOD;2003-01-01;2004-05-05;057;N.57;TERRY;NIEUW;OPCE;Y;Y;Y;Y;N;;FX;TBB;NO;;;;;23.75;21.15;99.00;0.00;0.00;221.00;0.00;2;1986-10-17;MFL;;;;1986-01-01
BEL;BEL040571986;8524076;MOD;2004-05-06;2006-02-06;057;N.57;SPES-NOVA;NIEUW;OPCE;Y;Y;Y;Y;N;;FX;TBB;NO;;;;;23.75;21.15;99.00;0.00;0.00;221.00;0.00;2;1986-10-17;MFL;;;;1986-01-01
BEL;BEL040571986;8524076;MOD;2006-02-07;2015-08-18;057;N.57;SPES-NOVA;NIEUW;OPCE;Y;Y;Y;Y;N;;FX;TBB;OTB;;;;;23.75;21.15;99.00;0.00;0.00;221.00;0.00;2;1986-10-17;MFL;;;;1986-01-01
BEL;BEL040571986;8524076;MOD;2015-08-19;2016-12-21;057;N.57;SPES-NOVA;NIEUW;OPCE;Y;Y;Y;Y;N;;FX;TBB;OTB;;;;;23.75;21.15;99.00;0.00;0.00;221.00;0.00;2;1986-10-17;MFL;;;;1986-01-01
BEL;BEL040571986;8524076;MOD;2016-12-22;2019-01-30;083;O.83;JOKE;OOSTE;OPDE;Y;Y;Y;Y;N;;FX;TBB;OTB;;;;;23.75;21.15;99.00;0.00;0.00;221.00;0.00;2;1986-10-17;MFL;;;;1986-01-01
BEL;BEL040571986;8524076;MOD;2019-01-31;2020-01-19;083;O.83;JOKE;OOSTE;OPDE;Y;Y;Y;Y;N;;FX;TBB;OTB;;;;;23.75;21.15;99.00;0.00;0.00;221.00;0.00;2;1986-10-17;MFL;;;;1986-01-01
BEL;BEL040571986;8524076;MOD;2020-01-20;2020-09-09;083;O.83;JOKE;OOSTE;OPDE;Y;Y;Y;Y;N;;FX;TBB;OTB;;;;;23.75;21.15;99.00;0.00;0.00;221.00;0.00;2;1986-10-17;MFL;;;;1986-01-01
BEL;BEL040571986;8524076;MOD;2020-09-10;2021-01-11;083;O.83;JOKE;OOSTE;OPDE;Y;Y;Y;Y;Y;205715000;FX;TBB;OTB;;;;;23.75;21.15;99.00;0.00;0.00;221.00;0.00;2;1986-10-17;MFL;;;;1986-01-01
BEL;BEL040571986;8524076;MOD;2021-01-12;2100-12-31;083;O.83;JOKE;BEOST;OPDE;Y;Y;Y;Y;Y;205715000;FX;TBB;OTB;;;;;23.75;21.15;99.00;0.00;0.00;221.00;0.00;2;1986-10-17;MFL;;;;1986-01-01
BEL;BEL040581986;8548462;CEN;1989-01-01;1991-12-31;058;N.58;PASCIN;NIEUW;OPCF;Y;Y;N;Y;N;;FX;TBB;PTB;;;;;19.35;17.01;66.00;0.00;0.00;221.00;0.00;2;1986-04-15;ZEE;;;;1986-01-01
BEL;BEL040581986;8548462;MOD;1992-01-01;1996-12-31;058;N.58;PASCIN;NIEUW;OPCF;Y;Y;N;Y;N;;FX;TBB;PTB;;;;;19.35;17.01;66.00;0.00;0.00;221.00;0.00;2;1986-04-15;E10;;;;1986-01-01
BEL;BEL040581986;8548462;MOD;1997-01-01;2002-12-31;058;N.58;PASCIN;NIEUW;OPCF;Y;Y;Y;Y;N;;FX;TBB;PTB;;;;;19.35;17.01;66.00;0.00;0.00;221.00;0.00;2;1986-04-15;4A1;;;;1986-01-01
BEL;BEL040581986;8548462;MOD;2003-01-01;2006-02-08;058;N.58;PASCIN;NIEUW;OPCF;Y;Y;Y;Y;N;;FX;TBB;PTB;;;;;19.35;17.01;66.00;0.00;0.00;221.00;0.00;2;1986-04-15;MFL;;;;1986-01-01
BEL;BEL040581986;8548462;MOD;2006-02-09;2012-08-07;058;N.58;PASCIN;NIEUW;OPCF;Y;Y;Y;Y;N;;FX;TBB;OTB;;;;;19.35;17.01;66.00;0.00;0.00;221.00;0.00;2;1986-04-15;MFL;;;;1986-01-01
BEL;BEL040581986;8548462;MOD;2012-08-08;2016-06-14;058;N.58;PELORUS JACK;NIEUW;OPCF;Y;Y;Y;Y;N;;FX;TBB;OTB;;;;;19.35;17.01;66.00;0.00;0.00;221.00;0.00;2;1986-04-15;MFL;;;;1986-01-01
BEL;BEL040581986;8548462;MOD;2016-06-15;2018-11-25;081;O.81;JAIDY;OOSTE;OPDC;Y;Y;Y;Y;N;;FX;TBB;OTB;;;;;19.35;17.01;66.00;0.00;0.00;221.00;0.00;2;1986-04-15;MFL;;;;1986-01-01
BEL;BEL040581986;8548462;MOD;2018-11-26;2020-01-19;081;O.81;JAIDY;OOSTE;OPDC;Y;Y;Y;Y;N;;FX;TBB;OTB;;;;;19.35;17.01;69.00;0.00;0.00;221.00;0.00;2;1986-04-15;MFL;;;;1986-01-01
BEL;BEL040581986;8548462;MOD;2020-01-20;2020-09-09;081;O.81;JAIDY;OOSTE;OPDC;Y;Y;Y;Y;N;;FX;TBB;OTB;;;;;19.35;17.01;69.00;0.00;0.00;221.00;0.00;2;1986-04-15;MFL;;;;1986-01-01
BEL;BEL040581986;8548462;MOD;2020-09-10;2021-01-11;081;O.81;JAIDY;OOSTE;OPDC;Y;Y;Y;Y;Y;205285000;FX;TBB;OTB;;;;;19.35;17.01;69.00;0.00;0.00;221.00;0.00;2;1986-04-15;MFL;;;;1986-01-01
BEL;BEL040581986;8548462;MOD;2021-01-12;2100-12-31;081;O.81;JAIDY;BEOST;OPDC;Y;Y;Y;Y;Y;205285000;FX;TBB;OTB;;;;;19.35;17.01;69.00;0.00;0.00;221.00;0.00;2;1986-04-15;MFL;;;;1986-01-01
BEL;BEL040731986;;CEN;1989-01-01;1989-05-01;073;N.73;L'ETAPLOIS;NIEUW;OPCU;Y;N;N;Y;N;;FX;OTB;NO;;;;;12.40;11.86;22.00;0.00;0.00;110.00;0.00;2;1986-06-10;ZEE;;;;1986-01-01
BEL;BEL040731986;;CHA;2005-03-14;2006-03-02;034;N.34;L'ETAPLOIS;NIEUW;OPBH;Y;Y;N;Y;N;;FX;OTB;NO;;;;;12.40;11.11;22.00;0.00;0.00;221.00;0.00;2;1986-06-10;MFL;;;;1986-01-01
BEL;BEL040731986;;CHA;2011-10-11;2016-03-28;034;N.34;L'ETAPLOIS;NIEUW;OPBH;Y;Y;N;Y;N;;FX;OTB;GNS;;;;;12.40;11.11;22.00;0.00;0.00;220.00;0.00;2;1986-06-10;MFL;;;PA;1986-01-01
BEL;BEL040731989;;CST;1989-09-15;1990-03-31;073;N.73;KOTJE;NIEUW;OPCU;Y;N;N;Y;N;;FX;OTB;GNS;;;;;19.60;17.20;64.00;0.00;0.00;220.00;0.00;2;1989-09-15;ZEE;;;;1989-01-01
BEL;BEL040731989;;MOD;1990-04-01;1991-12-31;073;N.73;KOTJE;NIEUW;OPCU;Y;N;N;Y;N;;FX;TBB;NO;;;;;19.60;17.20;64.00;0.00;0.00;220.00;0.00;2;1989-09-15;ZEE;;;;1989-01-01
BEL;BEL040731989;;MOD;1992-01-01;1994-07-28;073;N.73;KOTJE;NIEUW;OPCU;Y;N;N;Y;N;;FX;TBB;NO;;;;;19.60;17.20;64.00;0.00;0.00;220.00;0.00;2;1989-09-15;E10;;;;1989-01-01
BEL;BEL040731989;;MOD;1994-07-29;1995-03-26;073;N.73;KOTJE;NIEUW;OPCU;Y;N;N;Y;N;;FX;TBB;NO;;;;;19.60;17.20;64.00;0.00;0.00;220.00;0.00;2;1989-09-15;C10;;;;1989-01-01
BEL;BEL040731989;;MOD;1995-03-27;1996-12-31;073;N.73;KOTJE;NIEUW;OPCU;Y;N;N;Y;N;;FX;TBB;OTB;;;;;19.60;17.20;64.00;0.00;0.00;220.00;0.00;2;1989-09-15;E10;;;;1989-01-01
BEL;BEL040731989;;MOD;1997-01-01;1999-12-14;073;N.73;KOTJE;NIEUW;OPCU;Y;N;Y;Y;N;;FX;TBB;OTB;;;;;19.60;17.20;64.00;0.00;0.00;220.00;0.00;2;1989-09-15;4A1;;;;1989-01-01
BEL;BEL040731989;;MOD;1999-12-15;2002-11-26;064;N.64;MOOIE MEID;NIEUW;OPCL;Y;Y;Y;Y;N;;FX;TBB;OTB;;;;;19.60;17.20;64.00;0.00;0.00;145.00;0.00;2;1989-09-15;4A1;;;;1989-01-01
BEL;BEL040731989;;MOD;2002-11-27;2002-12-31;064;N.64;MOOIE MEID;NIEUW;OPCL;Y;Y;Y;Y;N;;FX;TBB;OTB;;;;;19.60;17.20;64.00;0.00;0.00;145.00;0.00;2;1989-09-15;4A1;;;;1989-01-01
BEL;BEL040731989;;MOD;2003-01-01;2005-06-23;064;N.64;MOOIE MEID;NIEUW;OPCL;Y;Y;Y;Y;N;;FX;TBB;OTB;;;;;19.60;17.20;64.00;0.00;0.00;145.00;0.00;2;1989-09-15;MFL;;;;1989-01-01
BEL;BEL040731989;;MOD;2005-06-24;2011-02-28;028;N.28;MOOIE MEID;NIEUW;OPBB;Y;Y;Y;Y;N;;FX;TBB;OTB;;;;;19.60;17.20;64.00;0.00;0.00;220.00;0.00;2;1989-09-15;MFL;;;;1989-01-01
BEL;BEL040751986;;CEN;1989-01-01;1991-04-28;075;N.75;SARVY;NIEUW;OPCW;Y;Y;N;Y;N;;FX;TBB;PTB;;;;;23.75;20.65;89.00;0.00;0.00;218.00;0.00;2;1986-07-11;ZEE;;;;1986-01-01
BEL;BEL040751986;;MOD;1991-04-29;1991-10-27;075;N.75;SARVY;NIEUW;OPCW;Y;Y;N;Y;N;;FX;TBB;PTB;;;;;23.75;21.15;89.00;0.00;0.00;221.00;0.00;2;1986-07-11;ZEE;;;;1986-01-01
BEL;BEL040751986;;MOD;1991-10-28;1991-12-31;075;N.75;SARVY;NIEUW;OPCW;Y;Y;N;Y;N;;FX;TBB;PTB;;;;;23.75;21.15;89.00;0.00;0.00;218.00;0.00;2;1986-07-11;ZEE;;;;1986-01-01
BEL;BEL040751986;;MOD;1992-01-01;1996-12-31;075;N.75;SARVY;NIEUW;OPCW;Y;Y;N;Y;N;;FX;TBB;PTB;;;;;23.75;21.15;89.00;0.00;0.00;218.00;0.00;2;1986-07-11;E10;;;;1986-01-01
BEL;BEL040751986;;MOD;1997-01-01;2002-12-31;075;N.75;SARVY;NIEUW;OPCW;Y;Y;Y;Y;N;;FX;TBB;PTB;;;;;23.75;21.15;89.00;0.00;0.00;218.00;0.00;2;1986-07-11;4A1;;;;1986-01-01
BEL;BEL040751986;;MOD;2003-01-01;2004-10-05;075;N.75;SARVY;NIEUW;OPCW;Y;Y;Y;Y;N;;FX;TBB;PTB;;;;;23.75;21.15;89.00;0.00;0.00;218.00;0.00;2;1986-07-11;MFL;;;;1986-01-01
BEL;BEL040751986;;MOD;2004-10-06;2006-02-16;075;Z.75;ZELDENRUST;ZEEBR;OPCW;Y;Y;Y;Y;N;;FX;TBB;NO;;;;;23.75;21.15;89.00;0.00;0.00;218.00;0.00;2;1986-07-11;MFL;;;;1986-01-01
BEL;BEL040751986;;MOD;2006-02-17;2008-10-06;075;Z.75;ZELDENRUST;ZEEBR;OPCW;Y;Y;Y;Y;N;;FX;TBB;OTB;;;;;23.75;21.15;89.00;0.00;0.00;218.00;0.00;2;1986-07-11;MFL;;;;1986-01-01
BEL;BEL040751986;;MOD;2008-10-07;2013-03-27;075;Z.75;ZELDENRUST;ZEEBR;OPCW;Y;Y;Y;Y;N;;FX;TBB;OTB;;;;;23.75;21.15;89.00;0.00;0.00;218.00;0.00;2;1986-07-11;MFL;;;;1986-01-01
BEL;BEL040751986;;MOD;2013-03-28;2014-06-01;075;Z.75;ZELDENRUST;ZEEBR;OPCW;Y;Y;Y;Y;N;;FX;TBB;OTB;;;;;23.75;21.15;89.00;0.00;0.00;218.00;0.00;2;1986-07-11;MFL;;;;1986-01-01
BEL;BEL040862006;8548204;CST;2006-04-01;2008-12-04;086;N.86;SURCOUF;NIEUW;OPDH;Y;Y;Y;Y;N;;FX;TBB;OTB;;;;;17.76;15.91;51.00;0.00;0.00;221.00;0.00;2;2006-04-01;MFL;;;;2006-01-01
BEL;BEL040862006;8548204;MOD;2008-12-05;2012-11-22;086;N.86;SURCOUF;NIEUW;OPDH;Y;Y;Y;Y;N;;FX;TBB;OTB;;;;;17.76;15.91;51.00;0.00;0.00;221.00;0.00;2;2006-04-01;MFL;;;;2006-01-01
BEL;BEL040862006;8548204;MOD;2012-11-23;2017-02-19;086;N.86;RUDY;NIEUW;OPDH;Y;Y;Y;Y;N;;FX;TBB;OTB;;;;;20.01;18.08;57.00;0.00;0.00;221.00;0.00;2;2006-04-01;MFL;;;;2006-01-01
BEL;BEL040862006;8548204;MOD;2017-02-20;2020-01-19;086;N.86;RUDY;NIEUW;OPDH;Y;Y;Y;Y;N;;FX;TBB;OTB;;;;;20.01;18.08;57.00;0.00;0.00;221.00;0.00;2;2006-04-01;MFL;;;;2006-01-01
BEL;BEL040862006;8548204;MOD;2020-01-20;2020-09-09;086;N.86;RUDY;NIEUW;OPDH;Y;Y;Y;Y;N;;FX;TBB;OTB;;;;;20.01;18.08;57.00;0.00;0.00;221.00;0.00;2;2006-04-01;MFL;;;;2006-01-01
BEL;BEL040862006;8548204;MOD;2020-09-10;2021-01-10;086;N.86;RUDY;NIEUW;OPDH;Y;Y;Y;Y;Y;205281000;FX;TBB;OTB;;;;;20.01;18.08;57.00;0.00;0.00;221.00;0.00;2;2006-04-01;MFL;;;;2006-01-01
BEL;BEL040862006;8548204;MOD;2021-01-11;2100-12-31;086;N.86;RUDY;BENIE;OPDH;Y;Y;Y;Y;Y;205281000;FX;TBB;OTB;;;;;20.01;18.08;57.00;0.00;0.00;221.00;0.00;2;2006-04-01;MFL;;;;2006-01-01
BEL;BEL040881961;;CEN;1989-01-01;1989-09-26;088;N.88;NOVA-CURA;NIEUW;OPDJ;Y;Y;N;Y;N;;FX;TBB;OTB;;;;;17.95;15.79;35.00;39.81;0.00;104.00;0.00;2;1973-12-14;ZEE;;;;1961-01-01
BEL;BEL040881961;;MOD;1989-09-27;1991-12-31;088;Z.88;NOVA-CURA;ZEEBR;OPDJ;Y;N;N;Y;N;;FX;TBB;OTB;;;;;17.95;15.79;35.00;39.81;0.00;104.00;0.00;2;1973-12-14;ZEE;;;;1961-01-01
BEL;BEL040881961;;MOD;1992-01-01;1996-12-29;088;Z.88;NOVA-CURA;ZEEBR;OPDJ;Y;N;N;Y;N;;FX;TBB;OTB;;;;;17.95;15.79;35.00;39.81;0.00;104.00;0.00;2;1973-12-14;E10;;;;1961-01-01
BEL;BEL040881961;;MOD;1996-12-30;1996-12-31;088;N.88;NOVA-CURA;NIEUW;OPDJ;Y;Y;N;Y;N;;FX;TBB;PTB;;;;;17.95;15.79;35.00;39.81;0.00;104.00;0.00;2;1973-12-14;E10;;;;1961-01-01
BEL;BEL040881961;;MOD;1997-01-01;1998-08-02;088;N.88;NOVA-CURA;NIEUW;OPDJ;Y;Y;Y;Y;N;;FX;TBB;PTB;;;;;17.95;15.79;35.00;39.81;0.00;104.00;0.00;2;1973-12-14;4A1;;;;1961-01-01
BEL;BEL040881961;;MOD;1998-08-03;1999-03-24;088;N.88;NOVA-CURA;NIEUW;OPDJ;Y;Y;Y;Y;N;;FX;TBB;PTB;;;;;17.95;15.79;35.00;0.00;0.00;104.00;0.00;2;1973-12-14;4A1;;;;1961-01-01
BEL;BEL040881961;;CHA;2000-12-27;2002-07-06;738;O.738;NOVA CURA;OOSTE;OQDL;Y;N;Y;Y;N;;FX;TBB;NO;;;;;17.95;16.17;35.00;0.00;0.00;219.00;0.00;2;1973-12-14;4A1;;;;1961-01-01
BEL;BEL040951987;;CEN;1989-01-01;1991-12-31;095;N.95;JONAS II;NIEUW;OPDQ;Y;Y;N;Y;N;;FX;GNS;OTB;;;;;12.68;12.25;18.00;0.00;0.00;471.00;0.00;3;1987-08-03;ZEE;;;;1987-01-01
BEL;BEL040951987;;MOD;1992-01-01;1996-12-31;095;N.95;JONAS II;NIEUW;OPDQ;Y;Y;N;Y;N;;FX;GNS;OTB;;;;;12.68;12.25;18.00;0.00;0.00;471.00;0.00;3;1987-08-03;E10;;;;1987-01-01
BEL;BEL040951987;;MOD;1997-01-01;2002-12-31;095;N.95;JONAS II;NIEUW;OPDQ;Y;Y;N;Y;N;;FX;GNS;OTB;;;;;12.68;12.25;18.00;0.00;0.00;471.00;0.00;3;1987-08-03;4A1;;;;1987-01-01
BEL;BEL040951987;;MOD;2003-01-01;2006-02-12;095;N.95;JONAS II;NIEUW;OPDQ;Y;Y;N;Y;N;;FX;GNS;OTB;;;;;12.68;12.25;18.00;0.00;0.00;471.00;0.00;3;1987-08-03;MFL;;;;1987-01-01
BEL;BEL040951987;;MOD;2006-02-13;2016-02-21;095;N.95;JONAS II;NIEUW;OPDQ;Y;Y;N;Y;N;;FX;GNS;GTR;;;;;12.68;12.25;18.00;0.00;0.00;471.00;0.00;3;1987-08-03;MFL;;;;1987-01-01
BEL;BEL041261970;;CEN;1989-01-01;1991-12-31;126;N.126;SKYLIGHT;NIEUW;OPEV;Y;N;N;Y;N;;FX;TBB;NO;;;;;30.24;26.80;142.00;132.53;0.00;441.00;0.00;2;1988-11-28;ZEE;;;;1970-01-01
BEL;BEL041261970;;MOD;1992-01-01;1996-12-31;126;N.126;SKYLIGHT;NIEUW;OPEV;Y;N;N;Y;N;;FX;TBB;NO;;;;;30.24;27.35;142.00;0.00;0.00;441.00;0.00;2;1988-11-28;E10;;;;1970-01-01
BEL;BEL041261970;;MOD;1997-01-01;1998-06-29;126;N.126;SKYLIGHT;NIEUW;OPEV;Y;N;Y;Y;N;;FX;TBB;NO;;;;;30.24;27.35;142.00;0.00;0.00;441.00;0.00;2;1988-11-28;4A1;;;;1970-01-01
BEL;BEL041261970;;MOD;1998-06-30;2002-12-31;126;N.126;SKYLIGHT;NIEUW;OPEV;Y;N;Y;Y;N;;FX;TBB;NO;;;;;30.24;27.03;142.00;0.00;0.00;441.00;0.00;2;1988-11-28;4A1;;;;1970-01-01
BEL;BEL041261970;;MOD;2003-01-01;2007-10-28;126;Z.126;SOPHIE;ZEEBR;OPEV;Y;Y;Y;Y;N;;FX;TBB;NO;;;;;30.24;27.03;142.00;0.00;0.00;441.00;0.00;2;1988-11-28;MFL;;;;1970-01-01
BEL;BEL041261970;;MOD;2007-10-29;2009-12-20;126;Z.126;SOPHIE;ZEEBR;OPEV;Y;Y;Y;Y;N;;FX;TBB;NO;;;;;30.24;27.03;142.00;0.00;0.00;515.00;0.00;2;1988-11-28;MFL;;;;1970-01-01
BEL;BEL041521966;;CEN;1989-01-01;1990-12-31;152;N.152;EVY;NIEUW;OPFV;Y;N;N;Y;N;;FX;TBB;PTB;;;;;17.50;14.80;37.00;0.00;0.00;221.00;0.00;2;1985-11-20;ZEE;;;;1966-01-01
BEL;BEL041521966;;MOD;1991-01-01;1991-06-23;152;N.152;EVY;NIEUW;OPFV;Y;N;N;Y;N;;FX;TBB;PTB;;;;;17.50;14.80;37.00;0.00;0.00;221.00;0.00;2;1985-11-20;ZEE;;;;1966-01-01
BEL;BEL041521966;;MOD;1991-06-24;1991-12-31;152;O.152;JOHN;OOSTE;OPFV;Y;Y;N;Y;N;;FX;TBB;PTB;;;;;17.50;15.73;37.00;0.00;0.00;221.00;0.00;2;1985-11-20;ZEE;;;;1966-01-01
BEL;BEL041521966;;MOD;1992-01-01;1994-03-03;152;O.152;ARAN;OOSTE;OPFV;Y;Y;N;Y;N;;FX;TBB;PTB;;;;;17.50;15.73;37.00;0.00;0.00;221.00;0.00;2;1985-11-20;E10;;;;1966-01-01
BEL;BEL041521966;;MOD;1994-03-04;1996-12-31;152;O.152;ARAN;OOSTE;OPFV;Y;Y;N;Y;N;;FX;TBB;PTB;;;;;17.50;15.73;37.00;0.00;0.00;221.00;0.00;2;1985-11-20;C10;;;;1966-01-01
BEL;BEL041521966;;MOD;1997-01-01;2000-12-20;152;O.152;ARAN;OOSTE;OPFV;Y;Y;Y;Y;N;;FX;TBB;PTB;;;;;17.50;15.73;37.00;0.00;0.00;221.00;0.00;2;1985-11-20;4A1;;;;1966-01-01
BEL;BEL041521966;;MOD;2000-12-21;2001-03-22;782;O.782;ARAN;OOSTE;OQFD;Y;N;Y;Y;N;;FX;TBB;NO;;;;;17.50;15.73;37.00;0.00;0.00;208.00;0.00;2;1985-11-20;4A1;;;;1966-01-01
BEL;BEL041521966;;MOD;2001-03-23;2002-06-19;396;Z.396;MARY;ZEEBR;OPPV;Y;N;Y;Y;N;;FX;TBB;OTB;;;;;17.50;15.73;37.00;0.00;0.00;208.00;0.00;2;1985-11-20;4A1;;;;1966-01-01
BEL;BEL041521966;;MOD;2002-06-20;2002-07-28;123;Z.123;MARY;ZEEBR;OPES;Y;Y;Y;Y;N;;FX;TBB;NO;;;;;17.50;15.73;37.00;0.00;0.00;221.00;0.00;2;1985-11-20;4A1;;;;1966-01-01
BEL;BEL041521966;;MOD;2002-07-29;2002-12-31;396;O.396;SABRINA;OOSTE;OPPV;Y;Y;Y;Y;N;;FX;TBB;OTB;;;;;17.50;15.73;37.00;0.00;0.00;221.00;0.00;2;1985-11-20;4A1;;;;1966-01-01
BEL;BEL041521966;;MOD;2003-01-01;2006-04-24;396;O.396;SABRINA;OOSTE;OPPV;Y;Y;Y;Y;N;;FX;TBB;OTB;;;;;17.50;15.73;37.00;0.00;0.00;221.00;0.00;2;1985-11-20;MFL;;;;1966-01-01
BEL;BEL043501985;;CEN;1989-01-01;1990-03-14;350;N.350;COLETTE;NIEUW;OPNL;Y;Y;N;Y;N;;FX;TBB;PTB;;;;;19.94;16.80;61.00;0.00;0.00;191.00;0.00;2;1986-01-03;ZEE;;;;1985-01-01
BEL;BEL043501985;;MOD;1990-03-15;1990-09-20;350;N.350;COLETTE;NIEUW;OPNL;Y;Y;N;Y;N;;FX;TBB;PTB;;;;;19.94;16.80;61.00;0.00;0.00;221.00;0.00;2;1986-01-03;ZEE;;;;1985-01-01
BEL;BEL043501985;;MOD;1990-09-21;1991-07-25;350;N.350;COLETTE;NIEUW;OPNL;Y;Y;N;Y;N;;FX;TBB;PTB;;;;;19.94;16.80;61.00;0.00;0.00;191.00;0.00;2;1986-01-03;ZEE;;;;1985-01-01
BEL;BEL043501996;9149641;CST;1996-02-19;1996-12-31;350;N.350;INGRID;NIEUW;OPNL;Y;Y;N;Y;N;;FX;TBB;NO;;;;;23.82;21.04;104.00;0.00;0.00;221.00;0.00;2;1996-02-19;E10;;;;1996-01-01
BEL;BEL043501996;9149641;MOD;1997-01-01;2002-12-31;350;N.350;INGRID;NIEUW;OPNL;Y;Y;Y;Y;N;;FX;TBB;NO;;;;;23.82;21.04;104.00;0.00;0.00;221.00;0.00;2;1996-02-19;4A1;;;;1996-01-01
BEL;BEL043501996;9149641;MOD;2003-01-01;2006-03-06;350;N.350;INGRID;NIEUW;OPNL;Y;Y;Y;Y;N;;FX;TBB;NO;;;;;23.82;21.04;104.00;0.00;0.00;221.00;0.00;2;1996-02-19;MFL;;;;1996-01-01
BEL;BEL043501996;9149641;MOD;2006-03-07;2020-04-29;350;N.350;INGRID;NIEUW;OPNL;Y;Y;Y;Y;N;;FX;TBB;OTB;;;;;23.82;21.04;104.00;0.00;0.00;221.00;0.00;2;1996-02-19;MFL;;;;1996-01-01
BEL;BEL043501996;9149641;MOD;2020-04-30;2020-09-09;350;N.350;INGRID;NIEUW;OPNL;Y;Y;Y;Y;N;;FX;TBB;OTB;;;;;23.82;21.04;104.00;0.00;0.00;221.00;0.00;2;1996-02-19;MFL;;;;1996-01-01
BEL;BEL043501996;9149641;MOD;2020-09-10;2021-01-10;350;N.350;INGRID;NIEUW;OPNL;Y;Y;Y;Y;Y;205148000;FX;TBB;OTB;;;;;23.82;21.04;104.00;0.00;0.00;221.00;0.00;2;1996-02-19;MFL;;;;1996-01-01
BEL;BEL043501996;9149641;MOD;2021-01-11;2100-12-31;350;N.350;INGRID;BENIE;OPNL;Y;Y;Y;Y;Y;205148000;FX;TBB;OTB;;;;;23.82;21.04;104.00;0.00;0.00;221.00;0.00;2;1996-02-19;MFL;;;;1996-01-01
BEL;BEL044021963;;CEN;1989-01-01;1989-09-06;402;N.402;YVETTE;NIEUW;OPQB;Y;N;N;Y;N;;TU;TBB;OTB;;;;;24.00;20.65;97.00;69.97;0.00;162.00;0.00;2;1963-06-07;ZEE;;;;1963-01-01
BEL;BEL044021963;;MOD;1989-09-07;1991-12-31;402;N.402;DE NORMA;NIEUW;OPQB;Y;N;N;Y;N;;TU;TBB;OTB;;;;;23.78;20.65;97.00;69.96;0.00;208.00;0.00;2;1963-06-07;ZEE;;;;1963-01-01
BEL;BEL044021963;;MOD;1992-01-01;1996-11-18;402;N.402;DE NORMA;NIEUW;OPQB;Y;N;N;Y;N;;TU;TBB;OTB;;;;;23.78;20.65;97.00;69.96;0.00;208.00;0.00;2;1963-06-07;E10;;;;1963-01-01
BEL;BEL044021963;;MOD;1996-11-19;1996-12-31;402;N.402;DE NORMA;NIEUW;OPQB;Y;N;N;Y;N;;TU;TBB;OTB;;;;;23.78;20.65;97.00;0.00;0.00;208.00;0.00;2;1963-06-07;E10;;;;1963-01-01
BEL;BEL044021963;;MOD;1997-01-01;1999-04-01;402;N.402;DE NORMA;NIEUW;OPQB;Y;N;Y;Y;N;;TU;TBB;OTB;;;;;23.78;20.65;97.00;0.00;0.00;208.00;0.00;2;1963-06-07;4A1;;;;1963-01-01
BEL;BEL044021963;;MOD;1999-04-02;2000-05-11;782;N.782;DE NORMA;NIEUW;OQFD;Y;N;Y;Y;N;;TU;TBB;OTB;;;;;23.78;20.65;97.00;0.00;0.00;208.00;0.00;2;1963-06-07;4A1;;;;1963-01-01
BEL;BEL045251969;;CEN;1989-01-01;1990-12-26;525;N.525;GOLFBREKER;NIEUW;OPUU;Y;N;N;Y;N;;FX;TBB;PTB;;;;;22.60;18.04;70.00;65.80;0.00;206.00;0.00;1;1970-01-16;ZEE;;;;1969-01-01
BEL;BEL045251969;;MOD;1990-12-27;1991-12-31;525;N.525;GOLFBREKER;NIEUW;OPUU;Y;N;N;Y;N;;FX;TBB;PTB;;;;;22.60;18.04;70.00;0.00;0.00;202.00;0.00;1;1970-01-16;ZEE;;;;1969-01-01
BEL;BEL045251969;;MOD;1992-01-01;1995-05-18;525;N.525;GOLFBREKER;NIEUW;OPUU;Y;N;N;Y;N;;FX;TBB;PTB;;;;;22.60;18.04;70.00;0.00;0.00;202.00;0.00;1;1970-01-16;E10;;;;1969-01-01
BEL;BEL045551954;;CEN;1989-01-01;1991-12-31;555;N.555;VALENTINO;NIEUW;OPVY;Y;N;N;Y;N;;FX;TBB;PTB;;;;;16.60;14.30;23.00;29.98;0.00;110.00;0.00;2;1954-07-30;ZEE;;;;1954-01-01
BEL;BEL045551954;;MOD;1992-01-01;1996-12-31;555;N.555;VALENTINO;NIEUW;OPVY;Y;N;N;Y;N;;FX;TBB;PTB;;;;;16.60;14.30;23.00;29.98;0.00;110.00;0.00;2;1954-07-30;E10;;;;1954-01-01
BEL;BEL045551954;;MOD;1997-01-01;1998-08-02;555;N.555;VALENTINO;NIEUW;OPVY;Y;N;Y;Y;N;;FX;TBB;PTB;;;;;16.60;14.30;23.00;29.98;0.00;110.00;0.00;2;1954-07-30;4A1;;;;1954-01-01
BEL;BEL045551954;;MOD;1998-08-03;1998-12-22;555;N.555;VALENTINO;NIEUW;OPVY;Y;N;Y;Y;N;;FX;TBB;PTB;;;;;16.60;14.30;23.00;0.00;0.00;110.00;0.00;2;1954-07-30;4A1;;;;1954-01-01
BEL;BEL045631964;;CEN;1989-01-01;1989-08-07;563;N.563;ZEE-ADELT;NIEUW;OPWG;Y;N;N;Y;N;;FX;OTB;PTB;;;;;21.00;17.40;59.00;57.18;0.00;216.00;0.00;2;1964-08-25;ZEE;;;;1964-01-01
BEL;BEL045631964;;MOD;1989-08-08;1991-12-31;563;N.563;ZEE-ADELT;NIEUW;OPWG;Y;N;N;Y;N;;FX;OTB;PTB;;;;;21.00;17.40;59.00;57.18;0.00;221.00;0.00;2;1964-08-25;ZEE;;;;1964-01-01
BEL;BEL045631964;;MOD;1992-01-01;1996-12-31;563;N.563;ZEE-ADELT;NIEUW;OPWG;Y;N;Y;Y;N;;FX;OTB;PTB;;;;;21.00;17.40;59.00;57.18;0.00;221.00;0.00;2;1964-08-25;C10;;;;1964-01-01
BEL;BEL045631964;;MOD;1997-01-01;1997-11-05;563;N.563;ZEE-ADELT;NIEUW;OPWG;Y;N;Y;Y;N;;FX;OTB;PTB;;;;;21.00;17.40;59.00;57.18;0.00;221.00;0.00;2;1964-08-25;4A2;;;;1964-01-01
BEL;BEL045631964;;MOD;1997-11-06;1999-10-05;563;N.563;ZEE-ADELT;NIEUW;OPWG;Y;N;Y;Y;N;;FX;OTB;PTB;;;;;21.00;18.04;59.00;0.00;0.00;221.00;0.00;2;1964-08-25;4A2;;;;1964-01-01
BEL;BEL045751966;;CEN;1989-01-01;1990-02-14;575;N.575;FRANCINE;NIEUW;OPWS;Y;N;N;Y;N;;FX;TBB;OTB;;;;;21.00;18.04;63.00;56.56;0.00;217.00;0.00;2;1966-10-12;ZEE;;;;1966-01-01
BEL;BEL045751966;;MOD;1990-02-15;1991-03-12;575;N.575;FRANCINE;NIEUW;OPWS;Y;N;N;Y;N;;FX;TBB;OTB;;;;;21.00;18.04;63.00;56.56;0.00;221.00;0.00;2;1966-10-12;ZEE;;;;1966-01-01
BEL;BEL045751966;;MOD;1991-03-13;1991-12-31;575;O.575;BOREAS;OOSTE;OPWS;Y;N;N;Y;N;;FX;TBB;OTB;;;;;21.00;18.04;63.00;56.56;0.00;221.00;0.00;2;1966-10-12;ZEE;;;;1966-01-01
BEL;BEL045751966;;MOD;1992-01-01;1995-08-15;575;O.575;BOREAS;OOSTE;OPWS;Y;N;N;Y;N;;FX;TBB;OTB;;;;;21.00;18.04;63.00;56.56;0.00;221.00;0.00;2;1966-10-12;E10;;;;1966-01-01
BEL;BEL045751966;;MOD;1995-08-16;1996-12-31;575;O.575;BOREAS;OOSTE;OPWS;Y;N;N;Y;N;;FX;TBB;OTB;;;;;20.97;18.04;63.00;0.00;0.00;221.00;0.00;2;1966-10-12;E10;;;;1966-01-01
BEL;BEL045751966;;MOD;1997-01-01;1999-03-31;575;O.575;BOREAS;OOSTE;OPWS;Y;N;Y;Y;N;;FX;TBB;OTB;;;;;20.97;18.04;63.00;0.00;0.00;221.00;0.00;2;1966-10-12;4A1;;;;1966-01-01
BEL;BEL045901961;;CEN;1989-01-01;1991-12-31;590;N.590;HORIZON;NIEUW;OPXH;Y;N;N;Y;N;;FX;TBB;PTB;;;;;19.80;17.46;0.00;48.82;0.00;107.00;0.00;1;1962-03-09;ZEE;;;;1961-01-01
BEL;BEL045901961;;MOD;1992-01-01;1993-12-29;590;N.590;HORIZON;NIEUW;OPXH;Y;N;N;Y;N;;FX;TBB;PTB;;;;;19.80;17.46;0.00;48.82;0.00;107.00;0.00;1;1962-03-09;C10;;;;1961-01-01
BEL;BEL045991964;;CEN;1989-01-01;1991-12-31;599;N.599;ZEEVOGEL;NIEUW;OPXQ;Y;N;N;Y;N;;FX;OTB;TBB;;;;;21.00;14.68;0.00;58.66;0.00;165.00;0.00;1;1964-10-09;ZEE;;;;1964-01-01
BEL;BEL045991964;;MOD;1992-01-01;1992-06-02;599;N.599;ZEEVOGEL;NIEUW;OPXQ;Y;N;N;Y;N;;FX;OTB;TBB;;;;;21.00;14.68;0.00;58.66;0.00;165.00;0.00;1;1964-10-09;C10;;;;1964-01-01
BEL;BEL047001968;;CEN;1989-01-01;1991-12-31;700;N.700;ALEX;NIEUW;OQBV;Y;N;N;Y;N;;FX;TBB;OTB;;;;;16.80;14.68;33.00;29.91;0.00;176.00;0.00;2;1968-06-06;ZEE;;;;1968-01-01
BEL;BEL047001968;;MOD;1992-01-01;1994-12-04;700;N.700;ALEX;NIEUW;OQBV;Y;N;N;Y;N;;FX;TBB;OTB;;;;;16.80;14.68;33.00;0.00;0.00;176.00;0.00;2;1968-06-06;E10;;;;1968-01-01
BEL;BEL047001968;;MOD;1994-12-05;1995-03-09;700;N.700;ALEX;NIEUW;OQBV;Y;N;N;Y;N;;FX;TBB;OTB;;;;;16.80;14.68;33.00;0.00;0.00;176.00;0.00;2;1968-06-06;C10;;;;1968-01-01
BEL;BEL047001968;;MOD;1995-03-10;1996-12-31;700;O.700;BI-SI-TI;OOSTE;OQBV;Y;Y;N;Y;N;;FX;TBB;PTB;;;;;16.80;15.02;33.00;0.00;0.00;176.00;0.00;2;1968-06-06;E10;;;;1968-01-01
BEL;BEL047001968;;MOD;1997-01-01;2002-12-31;700;O.700;BI-SI-TI;OOSTE;OQBV;Y;Y;N;Y;N;;FX;TBB;OTB;;;;;16.80;15.02;33.00;0.00;0.00;176.00;0.00;2;1968-06-06;4A1;;;;1968-01-01
BEL;BEL047001968;;MOD;2003-01-01;2003-11-17;700;O.700;BI-SI-TI;OOSTE;OQBV;Y;Y;Y;Y;N;;FX;TBB;PTB;;;;;16.80;15.02;33.00;0.00;0.00;176.00;0.00;2;1968-06-06;MFL;;;;1968-01-01
BEL;BEL047001968;;MOD;2003-11-18;2004-12-05;700;O.700;BI-SI-TI;OOSTE;OQBV;Y;Y;Y;Y;N;;FX;TBB;PTB;;;;;16.80;15.02;33.00;0.00;0.00;209.00;0.00;2;1968-06-06;MFL;;;;1968-01-01
BEL;BEL047001968;;MOD;2004-12-06;2008-01-13;700;O.700;BI-SI-TI;OOSTE;OQBV;Y;Y;Y;Y;N;;FX;TBB;PTB;;;;;16.80;15.02;33.00;0.00;0.00;221.00;0.00;2;1968-06-06;MFL;;;;1968-01-01
BEL;BEL047001968;;MOD;2008-01-14;2010-11-16;700;O.700;BI-SI-TI;OOSTE;OQBV;Y;Y;Y;Y;N;;FX;TBB;PTB;;;;;16.80;15.02;33.00;0.00;0.00;221.00;0.00;2;1968-06-06;MFL;;;;1968-01-01
BEL;BEL047001968;;MOD;2010-11-17;2011-04-19;700;Z.700;RAPKE;ZEEBR;OQBV;Y;Y;Y;Y;N;;FX;TBB;OTB;;;;;16.80;15.02;33.00;0.00;0.00;221.00;0.00;2;1968-06-06;MFL;;;;1968-01-01
BEL;BEL047061968;;CEN;1989-01-01;1991-12-31;706;N.706;STER DER ZEE;NIEUW;OQCF;Y;Y;N;Y;N;;FX;OTB;NO;;;;;27.20;23.00;109.00;89.83;0.00;276.00;0.00;2;1968-12-11;ZEE;;;;1968-01-01
BEL;BEL047061968;;MOD;1992-01-01;1993-12-01;706;N.706;STER DER ZEE;NIEUW;OQCF;Y;Y;N;Y;N;;FX;TBB;NO;;;;;27.20;24.30;109.00;0.00;0.00;221.00;0.00;2;1968-12-11;E10;;;;1968-01-01
BEL;BEL047061968;;MOD;1993-12-02;1996-12-31;706;N.706;STER DER ZEE;NIEUW;OQCF;Y;Y;N;Y;N;;FX;TBB;NO;;;;;27.20;24.30;109.00;0.00;0.00;221.00;0.00;2;1968-12-11;C10;;;;1968-01-01
BEL;BEL047061968;;MOD;1997-01-01;2000-01-18;706;N.706;STER DER ZEE;NIEUW;OQCF;Y;Y;Y;Y;N;;FX;TBB;NO;;;;;27.20;24.30;109.00;0.00;0.00;221.00;0.00;2;1968-12-11;4A1;;;;1968-01-01
BEL;BEL047061968;;MOD;2000-01-19;2002-12-31;706;N.706;STER DER ZEE;NIEUW;OQCF;Y;Y;Y;Y;N;;FX;TBB;NO;;;;;27.20;23.58;109.00;0.00;0.00;221.00;0.00;2;1968-12-11;4A1;;;;1968-01-01
BEL;BEL047061968;;MOD;2003-01-01;2003-02-09;706;N.706;STER DER ZEE;NIEUW;OQCF;Y;Y;Y;Y;N;;FX;TBB;NO;;;;;27.20;23.58;109.00;0.00;0.00;221.00;0.00;2;1968-12-11;MFL;;;;1968-01-01
BEL;BEL047061968;;MOD;2003-02-10;2004-12-09;706;N.706;STER DER ZEE;NIEUW;OQCF;Y;Y;Y;Y;N;;FX;TBB;OTB;;;;;27.20;23.58;109.00;0.00;0.00;221.00;0.00;2;1968-12-11;MFL;;;;1968-01-01
BEL;BEL047081969;;CEN;1989-01-01;1991-12-31;708;N.708;RUYTINGEN;NIEUW;OQCH;Y;N;N;Y;N;;FX;OTB;NO;;;;;25.58;22.00;0.00;110.22;0.00;276.00;0.00;2;1969-06-24;ZEE;;;;1969-01-01
BEL;BEL047081969;;MOD;1992-01-01;1992-12-27;708;N.708;RUYTINGEN;NIEUW;OQCH;Y;N;N;Y;N;;FX;OTB;NO;;;;;25.58;22.00;0.00;110.22;0.00;276.00;0.00;2;1969-06-24;E13;;;;1969-01-01
BEL;BEL047091969;;CEN;1989-01-01;1991-12-31;709;N.709;MARDYCK;NIEUW;OQCI;Y;N;N;Y;N;;FX;OTB;NO;;;;;25.58;22.00;0.00;110.22;0.00;276.00;0.00;2;1969-08-21;ZEE;;;;1969-01-01
BEL;BEL047091969;;MOD;1992-01-01;1992-12-27;709;N.709;MARDYCK;NIEUW;OQCI;Y;N;N;Y;N;;FX;OTB;NO;;;;;25.58;22.00;0.00;110.22;0.00;276.00;0.00;2;1969-08-21;E13;;;;1969-01-01
BEL;BEL047191968;;CEN;1989-01-01;1990-08-30;719;N.719;ATLANTIC;NIEUW;OQCS;Y;N;N;Y;N;;FX;OTB;NO;;;;;25.00;21.00;0.00;86.59;0.00;221.00;0.00;2;1968-02-02;ZEE;;;;1968-01-01
BEL;BEL047201963;;CEN;1989-01-01;1991-12-31;720;N.720;ANDRE-JEANINE;NIEUW;OQCT;Y;N;N;Y;N;;FX;TBB;PTB;;;;;22.00;18.00;63.00;63.96;0.00;218.00;0.00;2;1964-02-04;ZEE;;;;1963-01-01
BEL;BEL047201963;;MOD;1992-01-01;1996-06-20;720;N.720;ANDRE-JEANINE;NIEUW;OQCT;Y;N;N;Y;N;;FX;TBB;PTB;;;;;22.00;18.00;63.00;63.96;0.00;218.00;0.00;2;1964-02-04;E10;;;;1963-01-01
BEL;BEL047201963;;MOD;1996-06-21;1996-12-31;720;N.720;ANDRE-JEANINE;NIEUW;OQCT;Y;N;N;Y;N;;FX;TBB;PTB;;;;;22.00;19.00;63.00;63.96;0.00;219.00;0.00;2;1964-02-04;E10;;;;1963-01-01
BEL;BEL047201963;;MOD;1997-01-01;1998-08-02;720;N.720;ANDRE-JEANINE;NIEUW;OQCT;Y;N;Y;Y;N;;FX;TBB;PTB;;;;;22.00;19.00;63.00;63.96;0.00;219.00;0.00;2;1964-02-04;4A1;;;;1963-01-01
BEL;BEL047201963;;MOD;1998-08-03;1999-03-25;720;N.720;ANDRE-JEANINE;NIEUW;OQCT;Y;N;Y;Y;N;;FX;TBB;PTB;;;;;22.00;19.00;63.00;0.00;0.00;219.00;0.00;2;1964-02-04;4A1;;;;1963-01-01
BEL;BEL047201963;;MOD;1999-03-26;2002-12-31;088;N.88;NOVA-CURA;NIEUW;OPDJ;Y;Y;Y;Y;N;;FX;TBB;PTB;;;;;22.00;18.84;63.00;0.00;0.00;218.00;0.00;2;1964-02-04;4A1;;;;1963-01-01
BEL;BEL047201963;;MOD;2003-01-01;2004-03-03;088;N.88;NOVA-CURA;NIEUW;OPDJ;Y;Y;Y;Y;N;;FX;TBB;PTB;;;;;22.00;18.84;63.00;0.00;0.00;218.00;0.00;2;1964-02-04;MFL;;;;1963-01-01
BEL;BEL047201963;;MOD;2004-03-04;2006-04-10;088;N.88;NOVA-CURA;NIEUW;OPDJ;Y;Y;Y;Y;N;;FX;TBB;PTB;;;;;22.00;18.84;68.00;0.00;0.00;218.00;0.00;2;1964-02-04;MFL;;;;1963-01-01
BEL;BEL047201963;;MOD;2006-04-11;2009-11-18;088;N.88;NOVA-CURA;NIEUW;OPDJ;Y;Y;Y;Y;N;;FX;TBB;OTB;;;;;22.00;18.84;68.00;0.00;0.00;218.00;0.00;2;1964-02-04;MFL;;;;1963-01-01
BEL;BEL047231969;;CEN;1989-01-01;1991-12-31;723;N.723;PALLIETER;NIEUW;OQCW;Y;Y;N;Y;N;;FX;OTB;PTB;;;;;23.00;19.50;0.00;75.18;0.00;221.00;0.00;2;1969-09-04;ZEE;;;;1969-01-01
BEL;BEL047231969;;MOD;1992-01-01;1996-12-31;723;N.723;PALLIETER;NIEUW;OQCW;Y;Y;N;Y;N;;FX;OTB;PTB;;;;;23.00;20.48;73.00;0.00;0.00;221.00;0.00;2;1969-09-04;E13;;;;1969-01-01
BEL;BEL047231969;;MOD;1997-01-01;1997-12-11;723;N.723;PALLIETER;NIEUW;OQCW;Y;Y;Y;Y;N;;FX;OTB;PTB;;;;;23.00;20.48;73.00;0.00;0.00;221.00;0.00;2;1969-09-04;4A2;;;;1969-01-01
BEL;BEL047231969;;MOD;1997-12-12;1998-11-23;723;N.723;PALLIETER;NIEUW;OQCW;Y;Y;Y;Y;N;;FX;TBB;OTB;;;;;23.00;20.48;73.00;0.00;0.00;221.00;0.00;2;1969-09-04;4A1;;;;1969-01-01
BEL;BEL047231969;;MOD;1998-11-24;2002-12-31;723;N.723;PALLIETER;NIEUW;OQCW;Y;Y;Y;Y;N;;FX;TBB;OTB;;;;;23.00;20.48;82.00;0.00;0.00;221.00;0.00;2;1969-09-04;4A1;;;;1969-01-01
BEL;BEL047231969;;MOD;2003-01-01;2004-12-09;723;N.723;PALLIETER;NIEUW;OQCW;Y;Y;Y;Y;N;;FX;TBB;OTB;;;;;23.00;20.48;82.00;0.00;0.00;221.00;0.00;2;1969-09-04;MFL;;;;1969-01-01
BEL;BEL047361969;;CEN;1989-01-01;1991-12-31;736;N.736;LUCKY;NIEUW;OQDJ;Y;N;N;Y;N;;FX;TBB;OTB;;;;;22.00;18.00;68.00;0.00;0.00;221.00;0.00;2;1969-10-23;ZEE;;;;1969-01-01
BEL;BEL047361969;;MOD;1992-01-01;1995-05-11;736;N.736;LUCKY;NIEUW;OQDJ;Y;N;N;Y;N;;FX;TBB;OTB;;;;;22.00;18.00;68.00;0.00;0.00;221.00;0.00;2;1969-10-23;E10;;;;1969-01-01
BEL;BEL047381965;;CEN;1989-01-01;1989-07-31;738;N.738;JOHAN;NIEUW;OQDL;Y;N;N;Y;N;;FX;OTB;NO;;;;;22.00;18.00;67.00;67.36;0.00;221.00;0.00;2;1965-04-30;ZEE;;;;1965-01-01
BEL;BEL047381965;;MOD;1989-08-01;1991-12-31;738;N.738;JOHAN;NIEUW;OQDL;Y;N;N;Y;N;;FX;TBB;PTB;;;;;22.00;18.00;67.00;67.36;0.00;221.00;0.00;2;1965-04-30;ZEE;;;;1965-01-01
BEL;BEL047381965;;MOD;1992-01-01;1992-02-17;738;N.738;JOHAN;NIEUW;OQDL;Y;N;N;Y;N;;FX;TBB;PTB;;;;;22.00;19.08;67.00;67.36;0.00;219.00;0.00;2;1965-04-30;E10;;;;1965-01-01
BEL;BEL047381965;;MOD;1992-02-18;1996-12-31;738;N.738;JOHAN;NIEUW;OQDL;Y;N;N;Y;N;;FX;TBB;PTB;;;;;22.00;19.08;67.00;67.36;0.00;219.00;0.00;2;1965-04-30;C10;;;;1965-01-01
BEL;BEL047381965;;MOD;1997-01-01;1998-08-02;738;N.738;JOHAN;NIEUW;OQDL;Y;N;Y;Y;N;;FX;TBB;PTB;;;;;22.00;19.08;67.00;67.36;0.00;219.00;0.00;2;1965-04-30;4A1;;;;1965-01-01
BEL;BEL047381965;;MOD;1998-08-03;1999-10-18;738;N.738;JOHAN;NIEUW;OQDL;Y;N;Y;Y;N;;FX;TBB;PTB;;;;;22.00;19.08;67.00;0.00;0.00;219.00;0.00;2;1965-04-30;4A1;;;;1965-01-01
BEL;BEL047381965;;MOD;1999-10-19;2002-12-31;536;O.536;ZEEVALK;OOSTE;OPVF;Y;Y;Y;Y;N;;FX;TBB;NO;;;;;22.30;18.84;65.00;0.00;0.00;166.00;0.00;2;1965-04-30;4A1;;;;1965-01-01
BEL;BEL047381965;;MOD;2003-01-01;2006-02-27;536;O.536;ZEEVALK;OOSTE;OPVF;Y;Y;Y;Y;N;;FX;TBB;NO;;;;;22.30;18.84;65.00;0.00;0.00;166.00;0.00;2;1965-04-30;MFL;;;;1965-01-01
BEL;BEL047381965;;MOD;2006-02-28;2007-05-07;536;O.536;ZEEVALK;OOSTE;OPVF;Y;Y;Y;Y;N;;FX;TBB;OTB;;;;;22.30;18.84;65.00;0.00;0.00;166.00;0.00;2;1965-04-30;MFL;;;;1965-01-01
BEL;BEL047521971;;CEN;1989-01-01;1991-12-31;752;N.752;TER YDE;NIEUW;OQDZ;Y;N;N;Y;N;;FX;OTB;NO;;;;;25.58;23.52;107.00;101.78;0.00;276.00;0.00;2;1971-04-26;ZEE;;;;1971-01-01
BEL;BEL047521971;;MOD;1992-01-01;1992-12-28;752;N.752;TER YDE;NIEUW;OQDZ;Y;N;N;Y;N;;FX;OTB;NO;;;;;25.58;23.52;107.00;0.00;0.00;276.00;0.00;2;1971-04-26;E13;;;;1971-01-01
BEL;BEL047821971;;CEN;1989-01-01;1991-12-31;782;N.782;NANCY;NIEUW;OQFD;Y;N;N;Y;N;;FX;TBB;NO;;;;;14.31;11.50;0.00;25.80;0.00;110.00;0.00;2;1971-03-02;ZEE;;;;1971-01-01
BEL;BEL047821971;;MOD;1992-01-01;1996-11-17;782;N.782;NANCY;NIEUW;OQFD;Y;N;N;Y;N;;FX;TBB;NO;;;;;14.31;11.50;0.00;25.80;0.00;110.00;0.00;2;1971-03-02;E10;;;;1971-01-01
BEL;BEL047821971;;MOD;1996-11-18;1996-12-31;782;O.782;NANCY;OOSTE;OQFD;Y;N;N;Y;N;;FX;TBB;NO;;;;;14.31;12.42;21.00;0.00;0.00;110.00;0.00;2;1971-03-02;E10;;;;1971-01-01
BEL;BEL047821971;;MOD;1997-01-01;1999-03-31;782;O.782;NANCY;OOSTE;OQFD;Y;N;N;Y;N;;FX;TBB;NO;;;;;14.31;12.42;21.00;0.00;0.00;110.00;0.00;2;1971-03-02;4A1;;;;1971-01-01
BEL;DNK000040851;9599509;IMP;2019-03-25;2020-09-09;300;Z.300;SOLA GRATIA;ZEEBR;OPLN;Y;Y;Y;Y;N;;TO;OTB;SSC;;;;;27.49;23.98;265.00;0.00;0.00;1200.00;0.00;2;2019-03-25;MFL;DNK;;;2011-01-01
BEL;DNK000040851;9599509;MOD;2020-09-10;2021-01-11;300;Z.300;SOLA GRATIA;ZEEBR;OPLN;Y;Y;Y;Y;Y;205775000;TO;OTB;SSC;;;;;27.49;23.98;265.00;0.00;0.00;1200.00;0.00;2;2019-03-25;MFL;DNK;;;2011-01-01
BEL;DNK000040851;9599509;MOD;2021-01-12;2100-12-31;300;Z.300;SOLA GRATIA;BEZEE;OPLN;Y;Y;Y;Y;Y;205775000;TO;OTB;SSC;;;;;27.49;23.98;265.00;0.00;0.00;1200.00;0.00;2;2019-03-25;MFL;DNK;;;2011-01-01
BEL;FRA000686426;;IMP;2016-08-01;2020-09-09;85;Z.85;ALEXIS II;ZEEBR;OPDG;Y;Y;Y;Y;N;;FX;GNS;GTR;;;;;11.95;11.95;25.00;0.00;0.00;221.00;0.00;2;2016-08-01;MFL;FRA;;;1988-01-01
BEL;FRA000686426;;MOD;2020-09-10;2021-01-17;85;Z.85;ALEXIS II;ZEEBR;OPDG;Y;Y;Y;Y;Y;205320000;FX;GNS;GTR;;;;;11.95;11.95;25.00;0.00;0.00;221.00;0.00;2;2016-08-01;MFL;FRA;;;1988-01-01
BEL;FRA000686426;;MOD;2021-01-18;2100-12-31;85;Z.85;ALEXIS II;BEZEE;OPDG;Y;Y;Y;Y;Y;205320000;FX;GNS;GTR;;;;;11.95;11.95;25.00;0.00;0.00;221.00;0.00;2;2016-08-01;MFL;FRA;;;1988-01-01
BEL;FRA000686897;9034389;IMP;2009-10-29;2015-09-21;099;Z.99;ARAVIS;ZEEBR;OPDU;Y;Y;Y;Y;N;;FX;OTB;SSC;;;;;29.80;25.68;252.00;0.00;0.00;929.00;0.00;2;2009-10-29;MFL;FRA;;;1989-01-01
BEL;FRA000686897;9034389;MOD;2015-09-22;2019-08-13;099;Z.99;ARAVIS;ZEEBR;OPDU;Y;Y;Y;Y;N;;FX;OTB;SSC;;;;;29.80;25.68;252.00;0.00;0.00;1062.00;0.00;2;2009-10-29;MFL;;;;1989-01-01
BEL;FRA102636030;8433162;IMP;2000-03-14;2002-12-31;190;O.190;RENILDE;OOSTE;OPHH;Y;Y;Y;Y;N;;FX;TBB;NO;;;;;22.32;20.57;68.00;0.00;0.00;221.00;0.00;2;2000-03-14;4A1;NLD;;;1970-01-01
BEL;FRA102636030;8433162;MOD;2003-01-01;2006-02-26;190;O.190;RENILDE;OOSTE;OPHH;Y;Y;Y;Y;N;;FX;TBB;NO;;;;;22.32;20.57;68.00;0.00;0.00;221.00;0.00;2;2000-03-14;MFL;;;;1970-01-01
BEL;FRA102636030;8433162;MOD;2006-02-27;2007-06-28;190;O.190;RENILDE;OOSTE;OPHH;Y;Y;Y;Y;N;;FX;TBB;OTB;;;;;22.32;20.57;68.00;0.00;0.00;221.00;0.00;2;2000-03-14;MFL;;;;1970-01-01
BEL;FRA102636030;8433162;MOD;2007-06-29;2020-09-09;190;O.190;RENILDE;OOSTE;OPHH;Y;Y;Y;Y;N;;FX;TBB;OTB;;;;;22.32;20.57;68.00;0.00;0.00;221.00;0.00;2;2000-03-14;MFL;;;;1970-01-01
BEL;FRA102636030;8433162;MOD;2020-09-10;2021-01-17;190;O.190;RENILDE;OOSTE;OPHH;Y;Y;Y;Y;Y;205272000;FX;TBB;OTB;;;;;22.32;20.57;68.00;0.00;0.00;221.00;0.00;2;2000-03-14;MFL;;;;1970-01-01
BEL;FRA102636030;8433162;MOD;2021-01-18;2021-02-02;190;O.190;RENILDE;BEOST;OPHH;Y;Y;Y;Y;Y;205272000;FX;TBB;OTB;;;;;22.32;20.57;68.00;0.00;0.00;221.00;0.00;2;2000-03-14;MFL;;;;1970-01-01
BEL;FRA102636030;8433162;MOD;2021-02-03;2100-12-31;190;O.190;RENILDE;BEOST;OPHH;Y;Y;Y;Y;Y;205272000;FX;TBB;OTB;;;;;22.32;20.57;68.00;0.00;0.00;221.00;0.00;2;2000-03-14;MFL;;;;1970-01-01
BEL;GBR000B13502;8410043;IMP;2005-03-10;2006-03-05;059;Z.59;RAQUEL;ZEEBR;OPCG;Y;Y;Y;Y;N;;FX;TBB;NO;;;;;37.20;32.80;275.00;0.00;0.00;957.00;0.00;2;2005-03-10;MFL;GBR;;;1981-01-01
BEL;GBR000B13502;8410043;MOD;2006-03-06;2007-11-15;059;Z.59;RAQUEL;ZEEBR;OPCG;Y;Y;Y;Y;N;;FX;TBB;OTB;;;;;37.20;32.80;275.00;0.00;0.00;957.00;0.00;2;2005-03-10;MFL;;;;1981-01-01
BEL;GBR000B13502;8410043;MOD;2007-11-16;2012-02-02;059;Z.59;RAQUEL;ZEEBR;OPCG;Y;Y;Y;Y;N;;FX;TBB;OTB;;;;;37.20;32.80;275.00;0.00;0.00;1018.00;0.00;2;2005-03-10;MFL;;;;1981-01-01
BEL;GBR000B13502;8410043;MOD;2012-02-03;2020-09-09;059;Z.59;RAQUEL;ZEEBR;OPCG;Y;Y;Y;Y;N;;FX;TBB;OTB;;;;;37.20;32.80;275.00;0.00;0.00;1122.00;0.00;2;2005-03-10;MFL;;;;1981-01-01
BEL;GBR000B13502;8410043;MOD;2020-09-10;2021-01-10;059;Z.59;RAQUEL;ZEEBR;OPCG;Y;Y;Y;Y;Y;205153000;FX;TBB;OTB;;;;;37.20;32.80;275.00;0.00;0.00;1122.00;0.00;2;2005-03-10;MFL;;;;1981-01-01
BEL;GBR000B13502;8410043;MOD;2021-01-11;2100-12-31;059;Z.59;RAQUEL;BEZEE;OPCG;Y;Y;Y;Y;Y;205153000;FX;TBB;OTB;;;;;37.20;32.80;275.00;0.00;0.00;1122.00;0.00;2;2005-03-10;MFL;;;;1981-01-01
BEL;GBR000C19037;8524117;IMP;2017-11-29;2020-01-19;582;O.582;HOMBRE;OOSTE;OPWZ;Y;Y;Y;Y;N;;FX;OTB;DRB;;;;;19.32;17.00;93.00;0.00;0.00;221.00;0.00;2;2017-11-29;MFL;GBR;;;1980-01-01
BEL;GBR000C19037;8524117;MOD;2020-01-20;2020-09-09;582;O.582;HOMBRE;OOSTE;OPWZ;Y;Y;Y;Y;N;;FX;OTB;DRB;;;;;19.32;17.00;93.00;0.00;0.00;221.00;0.00;2;2017-11-29;MFL;GBR;;;1980-01-01
BEL;GBR000C19037;8524117;MOD;2020-09-10;2021-01-17;582;O.582;HOMBRE;OOSTE;OPWZ;Y;Y;Y;Y;Y;205294000;FX;OTB;DRB;;;;;19.32;17.00;93.00;0.00;0.00;221.00;0.00;2;2017-11-29;MFL;GBR;;;1980-01-01
BEL;GBR000C19037;8524117;MOD;2021-01-18;2100-12-31;582;O.582;HOMBRE;BEOST;OPWZ;Y;Y;Y;Y;Y;205294000;FX;OTB;DRB;;;;;19.32;17.00;93.00;0.00;0.00;221.00;0.00;2;2017-11-29;MFL;GBR;;;1980-01-01
BEL;GBR000G10053;;IMP;2001-01-05;2002-12-31;455;O.455;CELTIC;OOSTE;OPSC;Y;N;N;Y;N;;FX;GNS;FPO;;;;;11.98;10.69;28.00;0.00;0.00;184.00;0.00;2;2001-01-05;4A1;GBR;;;1988-01-01
BEL;GBR000G10053;;MOD;2003-01-01;2003-05-13;455;O.455;CELTIC;OOSTE;OPSC;Y;N;N;Y;N;;FX;GNS;FPO;;;;;11.98;10.69;28.00;0.00;0.00;184.00;0.00;2;2001-01-05;MFL;;;;1988-01-01
BEL;NLD198500341;;IMP;1996-01-18;1996-12-31;028;Z.28;ANNIE-B;ZEEBR;OPBB;Y;Y;N;Y;N;;FX;TBB;NO;;;;;23.99;21.45;82.00;0.00;0.00;220.00;0.00;2;1985-10-03;E10;NLD;;;1985-01-01
BEL;NLD198500341;;MOD;1997-01-01;2002-12-31;028;Z.28;ANNIE-B;ZEEBR;OPBB;Y;Y;Y;Y;N;;FX;TBB;NO;;;;;23.99;21.45;82.00;0.00;0.00;220.00;0.00;2;1985-10-03;4A1;;;;1985-01-01
BEL;NLD198500341;;MOD;2003-01-01;2005-06-22;028;Z.28;ANNIE-B;ZEEBR;OPBB;Y;Y;Y;Y;N;;FX;TBB;NO;;;;;23.99;21.45;82.00;0.00;0.00;220.00;0.00;2;1985-10-03;MFL;;;;1985-01-01
BEL;NLD199001509;9019406;IMP;2017-04-03;2017-11-28;182;Z.182;HENNIE;ZEEBR;OPGZ;Y;Y;Y;Y;N;;FX;TBB;OTB;;;;;28.42;25.34;192.00;0.00;0.00;819.00;0.00;2;1993-01-01;MFL;DEU;;;1991-01-01
BEL;NLD199001509;9019406;MOD;2017-11-29;2019-01-30;182;Z.182;HENNIE;ZEEBR;OPGZ;Y;Y;Y;Y;N;;FX;TBB;OTB;;;;;28.42;25.34;192.00;0.00;0.00;919.00;0.00;2;1993-01-01;MFL;;;;1991-01-01
BEL;NLD199001509;9019406;MOD;2019-01-31;2020-09-09;182;Z.182;HENNIE;ZEEBR;OPGZ;Y;Y;Y;Y;N;;FX;TBB;OTB;;;;;28.42;25.34;192.00;0.00;0.00;919.00;0.00;2;1993-01-01;MFL;;;;1991-01-01
BEL;NLD199001509;9019406;MOD;2020-09-10;2021-01-11;182;Z.182;HENNIE;ZEEBR;OPGZ;Y;Y;Y;Y;Y;205718000;FX;TBB;OTB;;;;;28.42;25.34;192.00;0.00;0.00;919.00;0.00;2;1993-01-01;MFL;;;;1991-01-01
BEL;NLD199001509;9019406;MOD;2021-01-12;2100-12-31;182;Z.182;HENNIE;BEZEE;OPGZ;Y;Y;Y;Y;Y;205718000;FX;TBB;OTB;;;;;28.42;25.34;192.00;0.00;0.00;919.00;0.00;2;1993-01-01;MFL;;;;1991-01-01
BEL;NLD199201765;9044580;IMP;2012-02-10;2020-09-09;333;Z.333;AVATAR;ZEEBR;OPMU;Y;Y;Y;Y;N;;FX;TBB;NO;;;;;37.45;33.01;385.00;0.00;0.00;1200.00;0.00;2;2012-02-10;MFL;NLD;;PA;1992-01-01
BEL;NLD199201765;9044580;MOD;2020-09-10;2021-01-10;333;Z.333;AVATAR;ZEEBR;OPMU;Y;Y;Y;Y;Y;205321000;FX;TBB;NO;;;;;37.45;33.01;385.00;0.00;0.00;1200.00;0.00;2;2012-02-10;MFL;NLD;;PA;1992-01-01
BEL;NLD199201765;9044580;MOD;2021-01-11;2100-12-31;333;Z.333;AVATAR;BEZEE;OPMU;Y;Y;Y;Y;Y;205321000;FX;TBB;NO;;;;;37.45;33.01;385.00;0.00;0.00;1200.00;0.00;2;2012-02-10;MFL;NLD;;PA;1992-01-01
